weather 2023 4 1 91 -2.4000000000000004 12.1 23.150272662145383 -999.9 -999.9 -999.9 -999.9 -999.99
weather 2023 4 2 92 -4.0 11.0 12.97422791707596 -999.9 -999.9 -999.9 -999.9 -999.99
weather 2023 4 3 93 -2.5 5.7 5.304095014796087 -999.9 -999.9 -999.9 -999.9 -999.99
weather 2023 4 4 94 -7.6 8.6 21.70865748994996 -999.9 -999.9 -999.9 -999.9 -999.99
weather 2023 4 5 95 -2.7 9.4 16.181911037769808 -999.9 -999.9 -999.9 -999.9 -999.99
weather 2023 4 6 96 -0.8 8.700000000000001 20.37344998007538 -999.9 -999.9 -999.9 -999.9 -999.99
weather 2023 4 7 97 -1.5 8.6 12.795970399923783 -999.9 -999.9 -999.9 -999.9 -999.99
weather 2023 4 8 98 0.1 15.8 16.03571614647787 -999.9 -999.9 -999.9 -999.9 -999.99
weather 2023 4 9 99 3.9 18.9 4.826426616862415 -999.9 -999.9 -999.9 -999.9 -999.99
weather 2023 4 10 100 3.0 17.8 20.559006749300195 -999.9 -999.9 -999.9 -999.9 -999.99
weather 2023 4 11 101 3.7 21.200000000000003 25.99608606075798 -999.9 -999.9 -999.9 -999.9 -999.99
weather 2023 4 12 102 6.0 19.1 18.046778127157594 -999.9 -999.9 -999.9 -999.9 -999.99
weather 2023 4 13 103 -2.5 12.8 26.671591326895804 -999.9 -999.9 -999.9 -999.9 -999.99
weather 2023 4 14 104 -9.0 5.300000000000001 21.59236226084346 -999.9 -999.9 -999.9 -999.9 -999.99
weather 2023 4 15 105 -4.3 13.7 26.69229544889103 -999.9 -999.9 -999.9 -999.9 -999.99
weather 2023 4 16 106 -1.2000000000000002 11.2 27.26229986869607 -999.9 -999.9 -999.9 -999.9 -999.99
weather 2023 4 17 107 -2.5 15.7 25.60681722654378 -999.9 -999.9 -999.9 -999.9 -999.99
weather 2023 4 18 108 3.9 23.1 20.902573543806195 -999.9 -999.9 -999.9 -999.9 -999.99
weather 2023 4 19 109 8.4 16.5 22.737127473272533 -999.9 -999.9 -999.9 -999.9 -999.99
weather 2023 4 20 110 4.6000000000000005 18.4 27.72014760611688 -999.9 -999.9 -999.9 -999.9 -999.99
weather 2023 4 21 111 4.0 18.1 12.607051370492725 -999.9 -999.9 -999.9 -999.9 -999.99
weather 2023 4 22 112 6.5 22.1 9.011555259651589 -999.9 -999.9 -999.9 -999.9 -999.99
weather 2023 4 23 113 7.7 18.7 24.198499491636927 -999.9 -999.9 -999.9 -999.9 -999.99
weather 2023 4 24 114 -1.6 17.2 28.2422485081632 -999.9 -999.9 -999.9 -999.9 -999.99
weather 2023 4 25 115 3.2 21.6 16.068100373660087 -999.9 -999.9 -999.9 -999.9 -999.99
weather 2023 4 26 116 6.0 19.9 28.688068560056703 -999.9 -999.9 -999.9 -999.9 -999.99
weather 2023 4 27 117 3.8 13.4 29.02081024898899 -999.9 -999.9 -999.9 -999.9 -999.99
weather 2023 4 28 118 0.4 9.1 22.866406071958707 -999.9 -999.9 -999.9 -999.9 -999.99
weather 2023 4 29 119 0.3 8.8 6.587879185955636 -999.9 -999.9 -999.9 -999.9 -999.99
weather 2023 4 30 120 -1.9 9.9 9.245237022230269 -999.9 -999.9 -999.9 -999.9 -999.99
weather 2023 10 1 274 6.6000000000000005 17.5 4.8006240373971245 -999.9 -999.9 -999.9 -999.9 -999.99
weather 2023 10 2 275 1.2000000000000002 16.900000000000002 3.3625709839630087 -999.9 -999.9 -999.9 -999.9 -999.99
weather 2023 10 3 276 0.5 16.1 4.7989095448914085 -999.9 -999.9 -999.9 -999.9 -999.99
weather 2023 10 4 277 4.9 21.1 3.0144547461254785 -999.9 -999.9 -999.9 -999.9 -999.99
weather 2023 10 5 278 6.4 21.4 3.20374767128926 -999.9 -999.9 -999.9 -999.9 -999.99
weather 2023 10 6 279 6.7 23.5 1.350400199915857 -999.9 -999.9 -999.9 -999.9 -999.99
weather 2023 10 7 280 8.5 24.6 1.1709709119856817 -999.9 -999.9 -999.9 -999.9 -999.99
weather 2023 10 8 281 9.2 23.1 2.2721022476842654 -999.9 -999.9 -999.9 -999.9 -999.99
weather 2023 10 9 282 9.7 15.4 1.1327215778687827 -999.9 -999.9 -999.9 -999.9 -999.99
weather 2023 10 10 283 6.9 15.3 1.6725564530677717 -999.9 -999.9 -999.9 -999.9 -999.99
weather 2023 10 11 284 5.1000000000000005 19.9 1.25390778186841 -999.9 -999.9 -999.9 -999.9 -999.99
weather 2023 10 12 285 7.1000000000000005 13.6 4.458780453940595 -999.9 -999.9 -999.9 -999.9 -999.99
weather 2023 10 13 286 -0.6000000000000001 13.4 2.564334516512321 -999.9 -999.9 -999.9 -999.9 -999.99
weather 2023 10 14 287 3.1 21.700000000000003 2.473861296251356 -999.9 -999.9 -999.9 -999.9 -999.99
weather 2023 10 15 288 6.6000000000000005 25.9 1.222694145313792 -999.9 -999.9 -999.9 -999.9 -999.99
weather 2023 10 16 289 8.0 21.8 2.7627812536913727 -999.9 -999.9 -999.9 -999.9 -999.99
weather 2023 10 17 290 4.800000000000001 19.8 3.543685569513221 -999.9 -999.9 -999.9 -999.9 -999.99
weather 2023 10 18 291 5.4 19.9 1.4086339220959387 -999.9 -999.9 -999.9 -999.9 -999.99
weather 2023 10 19 292 7.800000000000001 21.1 1.7510957321666465 -999.9 -999.9 -999.9 -999.9 -999.99
weather 2023 10 20 293 6.4 22.3 2.702087121441501 -999.9 -999.9 -999.9 -999.9 -999.99
weather 2023 10 21 294 8.0 21.1 1.4138817709784293 -999.9 -999.9 -999.9 -999.9 -999.99
weather 2023 10 22 295 7.1000000000000005 17.900000000000002 1.8216137470442677 -999.9 -999.9 -999.9 -999.9 -999.99
weather 2023 10 23 296 5.0 21.5 1.6250511420874498 -999.9 -999.9 -999.9 -999.9 -999.99
weather 2023 10 24 297 9.4 24.700000000000003 1.7884992386117184 -999.9 -999.9 -999.9 -999.9 -999.99
weather 2023 10 25 298 6.5 24.6 3.07375752181694 -999.9 -999.9 -999.9 -999.9 -999.99
weather 2023 10 26 299 9.4 22.0 3.474310903007082 -999.9 -999.9 -999.9 -999.9 -999.99
weather 2023 10 27 300 3.0 13.7 1.8968448477448665 -999.9 -999.9 -999.9 -999.9 -999.99
weather 2023 10 28 301 -0.1 14.1 2.297133032646275 -999.9 -999.9 -999.9 -999.9 -999.99
weather 2023 10 29 302 1.5 18.2 2.3213500241421547 -999.9 -999.9 -999.9 -999.9 -999.99
weather 2023 10 30 303 2.8000000000000003 16.1 2.679341265885018 -999.9 -999.9 -999.9 -999.9 -999.99
weather 2023 10 31 304 1.2000000000000002 17.6 2.2392252976201346 -999.9 -999.9 -999.9 -999.9 -999.99
weather 2023 11 1 305 5.2 18.8 2.139112821944437 -999.9 -999.9 -999.9 -999.9 -999.99
weather 2023 11 2 306 5.7 20.700000000000003 1.105159208298251 -999.9 -999.9 -999.9 -999.9 -999.99
weather 2023 11 3 307 5.1000000000000005 19.8 1.1527241549175409 -999.9 -999.9 -999.9 -999.9 -999.99
weather 2023 11 4 308 6.4 13.8 2.302311850450053 -999.9 -999.9 -999.9 -999.9 -999.99
weather 2023 11 5 309 0.4 6.300000000000001 0.9541900010190584 -999.9 -999.9 -999.9 -999.9 -999.99
weather 2023 11 6 310 -2.3000000000000003 5.2 1.7801615787861125 -999.9 -999.9 -999.9 -999.9 -999.99
weather 2023 11 7 311 -5.4 11.6 1.3909504306997975 -999.9 -999.9 -999.9 -999.9 -999.99
weather 2023 11 8 312 -0.5 16.8 2.377618254662051 -999.9 -999.9 -999.9 -999.9 -999.99
weather 2023 11 9 313 -0.1 14.4 2.5714619393672087 -999.9 -999.9 -999.9 -999.9 -999.99
weather 2023 11 10 314 0.7000000000000001 14.4 1.9182512175847324 -999.9 -999.9 -999.9 -999.9 -999.99
weather 2023 11 11 315 -2.2 6.6000000000000005 2.237790558723192 -999.9 -999.9 -999.9 -999.9 -999.99
weather 2023 11 12 316 -5.0 7.800000000000001 2.63863341580052 -999.9 -999.9 -999.9 -999.9 -999.99
weather 2023 11 13 317 -4.2 12.7 1.5887465369881768 -999.9 -999.9 -999.9 -999.9 -999.99
weather 2023 11 14 318 -1.3 15.2 1.27763238485568 -999.9 -999.9 -999.9 -999.9 -999.99
weather 2023 11 15 319 -0.2 14.0 1.2238024833797747 -999.9 -999.9 -999.9 -999.9 -999.99
weather 2023 11 16 320 -0.1 10.1 2.152403330972578 -999.9 -999.9 -999.9 -999.9 -999.99
weather 2023 11 17 321 -3.2 3.9 3.285189427828433 -999.9 -999.9 -999.9 -999.9 -999.99
weather 2023 11 18 322 -1.7000000000000002 5.800000000000001 1.393103085912365 -999.9 -999.9 -999.9 -999.9 -999.99
weather 2023 11 19 323 -5.300000000000001 7.9 1.5760049942851218 -999.9 -999.9 -999.9 -999.9 -999.99
weather 2023 11 20 324 -1.8 7.9 1.998003651259951 -999.9 -999.9 -999.9 -999.9 -999.99
weather 2023 11 21 325 -10.6 5.0 2.611544537707528 -999.9 -999.9 -999.9 -999.9 -999.99
weather 2023 11 22 326 -2.9000000000000004 10.2 1.676026304934464 -999.9 -999.9 -999.9 -999.9 -999.99
weather 2023 11 23 327 -0.8 12.8 2.21263073711236 -999.9 -999.9 -999.9 -999.9 -999.99
weather 2023 11 24 328 -0.6000000000000001 11.6 2.0954605494715213 -999.9 -999.9 -999.9 -999.9 -999.99
weather 2023 11 25 329 -1.3 7.5 1.3307182631496677 -999.9 -999.9 -999.9 -999.9 -999.99
weather 2023 11 26 330 -5.5 -0.5 1.4657305620630297 -999.9 -999.9 -999.9 -999.9 -999.99
weather 2023 11 27 331 -10.2 -1.5 2.7213755767282573 -999.9 -999.9 -999.9 -999.9 -999.99
weather 2023 11 28 332 -9.8 1.8 1.9147318573742336 -999.9 -999.9 -999.9 -999.9 -999.99
weather 2023 11 29 333 -9.2 1.4 2.334100636500532 -999.9 -999.9 -999.9 -999.9 -999.99
weather 2023 11 30 334 -7.5 -2.3000000000000003 2.271248013494928 -999.9 -999.9 -999.9 -999.9 -999.99
weather 2023 7 1 182 14.3 24.1 30.79366735446621 -999.9 -999.9 -999.9 -999.9 -999.99
weather 2023 7 2 183 13.7 23.700000000000003 21.546986171638736 -999.9 -999.9 -999.9 -999.9 -999.99
weather 2023 7 3 184 14.6 29.200000000000003 21.6811329077884 -999.9 -999.9 -999.9 -999.9 -999.99
weather 2023 7 4 185 14.7 30.8 12.783190277521769 -999.9 -999.9 -999.9 -999.9 -999.99
weather 2023 7 5 186 14.5 30.200000000000003 21.1301849436904 -999.9 -999.9 -999.9 -999.9 -999.99
weather 2023 7 6 187 13.0 33.2 30.569783416763936 -999.9 -999.9 -999.9 -999.9 -999.99
weather 2023 7 7 188 14.5 31.200000000000003 25.27849228209593 -999.9 -999.9 -999.9 -999.9 -999.99
weather 2023 7 8 189 14.4 33.0 27.246035692983472 -999.9 -999.9 -999.9 -999.9 -999.99
weather 2023 7 9 190 15.4 34.5 23.0498342858694 -999.9 -999.9 -999.9 -999.9 -999.99
weather 2023 7 10 191 18.7 35.1 23.76684463755359 -999.9 -999.9 -999.9 -999.9 -999.99
weather 2023 7 11 192 14.0 30.6 27.637149836046387 -999.9 -999.9 -999.9 -999.9 -999.99
weather 2023 7 12 193 12.1 31.6 28.63144236370859 -999.9 -999.9 -999.9 -999.9 -999.99
weather 2023 7 13 194 12.8 31.9 29.88389908509928 -999.9 -999.9 -999.9 -999.9 -999.99
weather 2023 7 14 195 13.6 30.5 24.23689729406809 -999.9 -999.9 -999.9 -999.9 -999.99
weather 2023 7 15 196 14.9 31.1 19.334902184093124 -999.9 -999.9 -999.9 -999.9 -999.99
weather 2023 7 16 197 14.0 33.5 8.314004957162194 -999.9 -999.9 -999.9 -999.9 -999.99
weather 2023 7 17 198 16.8 32.7 19.60037099766266 -999.9 -999.9 -999.9 -999.9 -999.99
weather 2023 7 18 199 16.0 32.2 27.605079249819365 -999.9 -999.9 -999.9 -999.9 -999.99
weather 2023 7 19 200 16.400000000000002 31.8 20.450484905436905 -999.9 -999.9 -999.9 -999.9 -999.99
weather 2023 7 20 201 16.7 32.4 16.399500568765852 -999.9 -999.9 -999.9 -999.9 -999.99
weather 2023 7 21 202 18.6 32.6 20.78581427593252 -999.9 -999.9 -999.9 -999.9 -999.99
weather 2023 7 22 203 18.9 32.2 15.947985949396909 -999.9 -999.9 -999.9 -999.9 -999.99
weather 2023 7 23 204 19.1 34.5 6.062544624853961 -999.9 -999.9 -999.9 -999.9 -999.99
weather 2023 7 24 205 16.900000000000002 32.9 7.029482474906497 -999.9 -999.9 -999.9 -999.9 -999.99
weather 2023 7 25 206 14.9 34.4 25.86433716591351 -999.9 -999.9 -999.9 -999.9 -999.99
weather 2023 7 26 207 18.3 31.1 18.85767178086125 -999.9 -999.9 -999.9 -999.9 -999.99
weather 2023 7 27 208 16.1 32.9 13.153789003551372 -999.9 -999.9 -999.9 -999.9 -999.99
weather 2023 7 28 209 15.4 33.2 17.73471816607366 -999.9 -999.9 -999.9 -999.9 -999.99
weather 2023 7 29 210 14.0 30.3 28.13529788602355 -999.9 -999.9 -999.9 -999.9 -999.99
weather 2023 7 30 211 15.9 33.1 23.26687246638168 -999.9 -999.9 -999.9 -999.9 -999.99
weather 2023 7 31 212 17.400000000000002 32.0 19.61442626840257 -999.9 -999.9 -999.9 -999.9 -999.99
weather 2023 5 1 121 1.2000000000000002 15.2 5.540954184330918 -999.9 -999.9 -999.9 -999.9 -999.99
weather 2023 5 2 122 0.9 14.6 19.62516911682186 -999.9 -999.9 -999.9 -999.9 -999.99
weather 2023 5 3 123 1.5 13.0 28.5277094803364 -999.9 -999.9 -999.9 -999.9 -999.99
weather 2023 5 4 124 1.7000000000000002 20.700000000000003 23.73333222739844 -999.9 -999.9 -999.9 -999.9 -999.99
weather 2023 5 5 125 6.300000000000001 24.5 23.367133058053412 -999.9 -999.9 -999.9 -999.9 -999.99
weather 2023 5 6 126 8.6 28.1 22.28299851439641 -999.9 -999.9 -999.9 -999.9 -999.99
weather 2023 5 7 127 11.0 23.8 26.69494078682617 -999.9 -999.9 -999.9 -999.9 -999.99
weather 2023 5 8 128 7.7 21.8 16.08930913181493 -999.9 -999.9 -999.9 -999.9 -999.99
weather 2023 5 9 129 7.9 18.2 27.61982884826833 -999.9 -999.9 -999.9 -999.9 -999.99
weather 2023 5 10 130 8.200000000000001 14.8 14.724907388074886 -999.9 -999.9 -999.9 -999.9 -999.99
weather 2023 5 11 131 5.5 18.7 8.28869589424297 -999.9 -999.9 -999.9 -999.9 -999.99
weather 2023 5 12 132 6.6000000000000005 25.8 12.23941132383726 -999.9 -999.9 -999.9 -999.9 -999.99
weather 2023 5 13 133 9.6 27.3 30.013297607941897 -999.9 -999.9 -999.9 -999.9 -999.99
weather 2023 5 14 134 7.300000000000001 24.1 15.570430780693536 -999.9 -999.9 -999.9 -999.9 -999.99
weather 2023 5 15 135 8.5 25.700000000000003 16.85256047864453 -999.9 -999.9 -999.9 -999.9 -999.99
weather 2023 5 16 136 6.9 21.3 6.572661651423941 -999.9 -999.9 -999.9 -999.9 -999.99
weather 2023 5 17 137 5.0 19.200000000000003 13.68668128769453 -999.9 -999.9 -999.9 -999.9 -999.99
weather 2023 5 18 138 1.2000000000000002 11.9 28.45318463558313 -999.9 -999.9 -999.9 -999.9 -999.99
weather 2023 5 19 139 -6.2 5.5 23.7291879869235 -999.9 -999.9 -999.9 -999.9 -999.99
weather 2023 5 20 140 -2.4000000000000004 13.0 9.518061792058248 -999.9 -999.9 -999.9 -999.9 -999.99
weather 2023 5 21 141 0.8 16.5 22.907138882177268 -999.9 -999.9 -999.9 -999.9 -999.99
weather 2023 5 22 142 2.9000000000000004 17.5 30.9467899801477 -999.9 -999.9 -999.9 -999.9 -999.99
weather 2023 5 23 143 0.9 16.0 19.662693909681167 -999.9 -999.9 -999.9 -999.9 -999.99
weather 2023 5 24 144 4.7 25.1 12.82343509124004 -999.9 -999.9 -999.9 -999.9 -999.99
weather 2023 5 25 145 10.7 22.9 29.960547343969665 -999.9 -999.9 -999.9 -999.9 -999.99
weather 2023 5 26 146 5.9 22.3 23.82222811302493 -999.9 -999.9 -999.9 -999.9 -999.99
weather 2023 5 27 147 4.2 18.3 22.64107457192941 -999.9 -999.9 -999.9 -999.9 -999.99
weather 2023 5 28 148 3.2 19.700000000000003 27.921256908665697 -999.9 -999.9 -999.9 -999.9 -999.99
weather 2023 5 29 149 5.300000000000001 19.1 22.75838815803282 -999.9 -999.9 -999.9 -999.9 -999.99
weather 2023 5 30 150 6.5 23.4 31.472717352359084 -999.9 -999.9 -999.9 -999.9 -999.99
weather 2023 5 31 151 7.800000000000001 24.200000000000003 27.254630215879192 -999.9 -999.9 -999.9 -999.9 -999.99
weather 2023 6 1 152 9.5 25.1 10.486480425647231 -999.9 -999.9 -999.9 -999.9 -999.99
weather 2023 6 2 153 10.2 23.1 20.86143499746501 -999.9 -999.9 -999.9 -999.9 -999.99
weather 2023 6 3 154 9.0 23.8 10.258234430421792 -999.9 -999.9 -999.9 -999.9 -999.99
weather 2023 6 4 155 9.1 27.200000000000003 27.388401660219905 -999.9 -999.9 -999.9 -999.9 -999.99
weather 2023 6 5 156 11.8 27.5 23.016166813834047 -999.9 -999.9 -999.9 -999.9 -999.99
weather 2023 6 6 157 12.6 25.3 23.82269115488668 -999.9 -999.9 -999.9 -999.9 -999.99
weather 2023 6 7 158 11.7 26.0 18.795920003320788 -999.9 -999.9 -999.9 -999.9 -999.99
weather 2023 6 8 159 12.1 28.4 25.798065527090856 -999.9 -999.9 -999.9 -999.9 -999.99
weather 2023 6 9 160 12.9 31.1 24.002641349464728 -999.9 -999.9 -999.9 -999.9 -999.99
weather 2023 6 10 161 14.5 33.1 21.88725941180384 -999.9 -999.9 -999.9 -999.9 -999.99
weather 2023 6 11 162 13.7 27.9 27.772387007737787 -999.9 -999.9 -999.9 -999.9 -999.99
weather 2023 6 12 163 11.7 31.200000000000003 24.16359886761032 -999.9 -999.9 -999.9 -999.9 -999.99
weather 2023 6 13 164 8.1 26.6 17.114902899222407 -999.9 -999.9 -999.9 -999.9 -999.99
weather 2023 6 14 165 8.700000000000001 28.4 11.978234734119187 -999.9 -999.9 -999.9 -999.9 -999.99
weather 2023 6 15 166 9.9 30.3 26.07499443794577 -999.9 -999.9 -999.9 -999.9 -999.99
weather 2023 6 16 167 12.2 31.200000000000003 19.7614536775747 -999.9 -999.9 -999.9 -999.9 -999.99
weather 2023 6 17 168 15.4 30.200000000000003 26.42982871683397 -999.9 -999.9 -999.9 -999.9 -999.99
weather 2023 6 18 169 12.7 29.1 19.461065114659625 -999.9 -999.9 -999.9 -999.9 -999.99
weather 2023 6 19 170 10.9 30.3 8.42031197968655 -999.9 -999.9 -999.9 -999.9 -999.99
weather 2023 6 20 171 14.1 34.300000000000004 26.406772009239948 -999.9 -999.9 -999.9 -999.9 -999.99
weather 2023 6 21 172 17.400000000000002 34.0 22.15719862200244 -999.9 -999.9 -999.9 -999.9 -999.99
weather 2023 6 22 173 17.900000000000002 33.4 24.92785808376765 -999.9 -999.9 -999.9 -999.9 -999.99
weather 2023 6 23 174 10.7 25.3 29.69566897968315 -999.9 -999.9 -999.9 -999.9 -999.99
weather 2023 6 24 175 9.1 26.200000000000003 25.353425950210983 -999.9 -999.9 -999.9 -999.9 -999.99
weather 2023 6 25 176 8.8 26.5 20.75215985109265 -999.9 -999.9 -999.9 -999.9 -999.99
weather 2023 6 26 177 11.1 30.700000000000003 11.871548401984102 -999.9 -999.9 -999.9 -999.9 -999.99
weather 2023 6 27 178 14.8 33.6 22.64681271510003 -999.9 -999.9 -999.9 -999.9 -999.99
weather 2023 6 28 179 13.8 30.8 26.601076353586816 -999.9 -999.9 -999.9 -999.9 -999.99
weather 2023 6 29 180 13.1 29.200000000000003 20.0421505764169 -999.9 -999.9 -999.9 -999.9 -999.99
weather 2023 6 30 181 10.5 24.9 23.018745427138285 -999.9 -999.9 -999.9 -999.9 -999.99
weather 2023 12 1 335 2.1 14.1 2.922264379864052 -999.9 -999.9 -999.9 -999.9 -999.99
weather 2023 12 2 336 0.7000000000000001 14.4 2.1007377291889533 -999.9 -999.9 -999.9 -999.9 -999.99
weather 2023 12 3 337 2.9000000000000004 15.3 1.4730578933355245 -999.9 -999.9 -999.9 -999.9 -999.99
weather 2023 12 4 338 -3.2 7.0 2.100927548730444 -999.9 -999.9 -999.9 -999.9 -999.99
weather 2023 12 5 339 -6.2 6.800000000000001 2.4812873219475438 -999.9 -999.9 -999.9 -999.9 -999.99
weather 2023 12 6 340 -5.6000000000000005 0.5 2.4399658907328403 -999.9 -999.9 -999.9 -999.9 -999.99
weather 2023 12 7 341 -9.1 -0.1 1.8495680590879635 -999.9 -999.9 -999.9 -999.9 -999.99
weather 2023 12 8 342 -1.3 8.0 2.576073828321721 -999.9 -999.9 -999.9 -999.9 -999.99
weather 2023 12 9 343 -0.9 11.1 3.037045186137406 -999.9 -999.9 -999.9 -999.9 -999.99
weather 2023 12 10 344 -1.8 11.8 3.188983820575865 -999.9 -999.9 -999.9 -999.9 -999.99
weather 2023 12 11 345 0.5 12.2 2.98837273418512 -999.9 -999.9 -999.9 -999.9 -999.99
weather 2023 12 12 346 -0.5 15.1 2.737646276744721 -999.9 -999.9 -999.9 -999.9 -999.99
weather 2023 12 13 347 0.9 10.5 2.9090688541239422 -999.9 -999.9 -999.9 -999.9 -999.99
weather 2023 12 14 348 -3.3000000000000003 2.9000000000000004 2.905271382542227 -999.9 -999.9 -999.9 -999.9 -999.99
weather 2023 12 15 349 -5.9 10.3 2.4972154949189607 -999.9 -999.9 -999.9 -999.9 -999.99
weather 2023 12 16 350 1.0 7.2 1.9494261098920052 -999.9 -999.9 -999.9 -999.9 -999.99
weather 2023 12 17 351 -3.8 6.4 2.498186146085372 -999.9 -999.9 -999.9 -999.9 -999.99
weather 2023 12 18 352 -2.8000000000000003 10.4 2.5010753407411737 -999.9 -999.9 -999.9 -999.9 -999.99
weather 2023 12 19 353 -1.1 10.0 2.507423118537693 -999.9 -999.9 -999.9 -999.9 -999.99
weather 2023 12 20 354 -999.9 13.5 2.905151856906448 -999.9 -999.9 -999.9 -999.9 -999.99
weather 2023 12 21 355 -6.800000000000001 3.1 2.7341283736785638 -999.9 -999.9 -999.9 -999.9 -999.99
weather 2023 12 22 356 -7.2 4.0 2.722111131123321 -999.9 -999.9 -999.9 -999.9 -999.99
weather 2023 12 23 357 -5.300000000000001 4.5 2.484461440875472 -999.9 -999.9 -999.9 -999.9 -999.99
weather 2023 12 24 358 -11.2 0.5 2.774996706513404 -999.9 -999.9 -999.9 -999.9 -999.99
weather 2023 12 25 359 -4.4 1.9 2.6597334656274048 -999.9 -999.9 -999.9 -999.9 -999.99
weather 2023 12 26 360 -8.9 -0.7000000000000001 2.9914050536262584 -999.9 -999.9 -999.9 -999.9 -999.99
weather 2023 12 27 361 -8.9 6.0 2.565279569388573 -999.9 -999.9 -999.9 -999.9 -999.99
weather 2023 12 28 362 -1.5 6.7 2.6710775049218998 -999.9 -999.9 -999.9 -999.9 -999.99
weather 2023 12 29 363 -1.7000000000000002 9.7 2.9543666320379263 -999.9 -999.9 -999.9 -999.9 -999.99
weather 2023 12 30 364 -3.2 10.6 3.0420135928257293 -999.9 -999.9 -999.9 -999.9 -999.99
weather 2023 12 31 365 -5.4 2.3000000000000003 3.472373974460748 -999.9 -999.9 -999.9 -999.9 -999.99
weather 2023 2 1 32 -3.6 10.1 1.357031149206765 -999.9 -999.9 -999.9 -999.9 -999.99
weather 2023 2 2 33 -2.2 10.6 2.233238727256355 -999.9 -999.9 -999.9 -999.9 -999.99
weather 2023 2 3 34 1.2000000000000002 10.8 3.09933290605168 -999.9 -999.9 -999.9 -999.9 -999.99
weather 2023 2 4 35 -1.3 10.6 0.6680270035666809 -999.9 -999.9 -999.9 -999.9 -999.99
weather 2023 2 5 36 -2.5 7.2 1.1041118638103238 -999.9 -999.9 -999.9 -999.9 -999.99
weather 2023 2 6 37 -6.6000000000000005 0.5 2.2321414384066016 -999.9 -999.9 -999.9 -999.9 -999.99
weather 2023 2 7 38 -15.2 -5.300000000000001 2.26865309967125 -999.9 -999.9 -999.9 -999.9 -999.99
weather 2023 2 8 39 -13.0 3.7 2.158966323915784 -999.9 -999.9 -999.9 -999.9 -999.99
weather 2023 2 9 40 -7.6 7.1000000000000005 2.937491405750728 -999.9 -999.9 -999.9 -999.9 -999.99
weather 2023 2 10 41 -7.800000000000001 5.7 3.975503166847669 -999.9 -999.9 -999.9 -999.9 -999.99
weather 2023 2 11 42 -7.300000000000001 0.3 2.68529253550347 -999.9 -999.9 -999.9 -999.9 -999.99
weather 2023 2 12 43 -8.200000000000001 4.4 1.1847284126506026 -999.9 -999.9 -999.9 -999.9 -999.99
weather 2023 2 13 44 -4.9 8.3 1.5067276891997303 -999.9 -999.9 -999.9 -999.9 -999.99
weather 2023 2 14 45 0.9 9.9 3.403521483828348 -999.9 -999.9 -999.9 -999.9 -999.99
weather 2023 2 15 46 -1.4 8.700000000000001 1.7148150397164317 -999.9 -999.9 -999.9 -999.9 -999.99
weather 2023 2 16 47 -4.0 2.6 3.360044695497414 -999.9 -999.9 -999.9 -999.9 -999.99
weather 2023 2 17 48 -9.4 -0.9 1.7635008463771904 -999.9 -999.9 -999.9 -999.9 -999.99
weather 2023 2 18 49 -11.8 -1.7000000000000002 2.96097645958252 -999.9 -999.9 -999.9 -999.9 -999.99
weather 2023 2 19 50 -11.6 -3.9 1.4436015998452172 -999.9 -999.9 -999.9 -999.9 -999.99
weather 2023 2 20 51 -14.3 -2.7 1.7649543149980589 -999.9 -999.9 -999.9 -999.9 -999.99
weather 2023 2 21 52 -10.7 -0.8 1.8794111198572947 -999.9 -999.9 -999.9 -999.9 -999.99
weather 2023 2 22 53 -8.5 2.8000000000000003 2.246547544638507 -999.9 -999.9 -999.9 -999.9 -999.99
weather 2023 2 23 54 -8.200000000000001 -1.0 1.8147455049596743 -999.9 -999.9 -999.9 -999.9 -999.99
weather 2023 2 24 55 -10.4 2.6 2.6562009801246624 -999.9 -999.9 -999.9 -999.9 -999.99
weather 2023 2 25 56 -7.2 7.1000000000000005 0.9396827555332744 -999.9 -999.9 -999.9 -999.9 -999.99
weather 2023 2 26 57 -5.300000000000001 10.4 4.437118325852372 -999.9 -999.9 -999.9 -999.9 -999.99
weather 2023 2 27 58 -4.9 8.6 2.967065955032459 -999.9 -999.9 -999.9 -999.9 -999.99
weather 2023 2 28 59 -2.2 9.4 4.611757751275465 -999.9 -999.9 -999.9 -999.9 -999.99
weather 2023 1 1 1 -13.1 -5.0 2.2427845928756485 -999.9 -999.9 -999.9 -999.9 -999.99
weather 2023 1 2 2 -16.2 2.8000000000000003 2.817357078430975 -999.9 -999.9 -999.9 -999.9 -999.99
weather 2023 1 3 3 -6.2 6.2 3.673498970973869 -999.9 -999.9 -999.9 -999.9 -999.99
weather 2023 1 4 4 -5.1000000000000005 4.0 2.2360498993134805 -999.9 -999.9 -999.9 -999.9 -999.99
weather 2023 1 5 5 -5.7 3.5 1.347198122047779 -999.9 -999.9 -999.9 -999.9 -999.99
weather 2023 1 6 6 -11.2 2.3000000000000003 1.8078053310891609 -999.9 -999.9 -999.9 -999.9 -999.99
weather 2023 1 7 7 -0.9 8.200000000000001 1.61290216652434 -999.9 -999.9 -999.9 -999.9 -999.99
weather 2023 1 8 8 -1.9 4.3 2.2011349142713827 -999.9 -999.9 -999.9 -999.9 -999.99
weather 2023 1 9 9 -9.7 2.3000000000000003 1.665044681597032 -999.9 -999.9 -999.9 -999.9 -999.99
weather 2023 1 10 10 -6.300000000000001 8.700000000000001 1.759186357876049 -999.9 -999.9 -999.9 -999.9 -999.99
weather 2023 1 11 11 -2.3000000000000003 8.4 2.8588904448780723 -999.9 -999.9 -999.9 -999.9 -999.99
weather 2023 1 12 12 -3.4000000000000004 8.9 2.186450316743546 -999.9 -999.9 -999.9 -999.9 -999.99
weather 2023 1 13 13 0.3 13.0 2.7901143230110725 -999.9 -999.9 -999.9 -999.9 -999.99
weather 2023 1 14 14 -2.4000000000000004 3.6 2.985081447141312 -999.9 -999.9 -999.9 -999.9 -999.99
weather 2023 1 15 15 -7.800000000000001 7.2 2.9700208998456694 -999.9 -999.9 -999.9 -999.9 -999.99
weather 2023 1 16 16 -1.7000000000000002 8.9 2.331724530551263 -999.9 -999.9 -999.9 -999.9 -999.99
weather 2023 1 17 17 -3.8 10.9 1.3277079651200243 -999.9 -999.9 -999.9 -999.9 -999.99
weather 2023 1 18 18 -1.1 8.1 1.9171267246516788 -999.9 -999.9 -999.9 -999.9 -999.99
weather 2023 1 19 19 -5.300000000000001 -0.3 1.3681510366583864 -999.9 -999.9 -999.9 -999.9 -999.99
weather 2023 1 20 20 -8.700000000000001 3.4000000000000004 1.710343086091643 -999.9 -999.9 -999.9 -999.9 -999.99
weather 2023 1 21 21 -4.2 1.4 2.868397696739368 -999.9 -999.9 -999.9 -999.9 -999.99
weather 2023 1 22 22 -8.200000000000001 4.800000000000001 3.0014917107837795 -999.9 -999.9 -999.9 -999.9 -999.99
weather 2023 1 23 23 -4.4 7.9 2.50806422700654 -999.9 -999.9 -999.9 -999.9 -999.99
weather 2023 1 24 24 -4.2 5.4 2.23040409524262 -999.9 -999.9 -999.9 -999.9 -999.99
weather 2023 1 25 25 -5.9 -0.9 3.57175007588153 -999.9 -999.9 -999.9 -999.9 -999.99
weather 2023 1 26 26 -11.5 2.0 1.883044211527657 -999.9 -999.9 -999.9 -999.9 -999.99
weather 2023 1 27 27 -8.200000000000001 -4.0 2.307396083214547 -999.9 -999.9 -999.9 -999.9 -999.99
weather 2023 1 28 28 -11.2 4.4 1.3365680126508714 -999.9 -999.9 -999.9 -999.9 -999.99
weather 2023 1 29 29 -3.7 9.6 1.8557993423574777 -999.9 -999.9 -999.9 -999.9 -999.99
weather 2023 1 30 30 -4.4 10.9 2.817399745272266 -999.9 -999.9 -999.9 -999.9 -999.99
weather 2023 1 31 31 -3.4000000000000004 8.1 2.349033446723121 -999.9 -999.9 -999.9 -999.9 -999.99
weather 2023 3 1 60 0.4 17.2 1.1882378647425231 -999.9 -999.9 -999.9 -999.9 -999.99
weather 2023 3 2 61 2.3000000000000003 18.7 1.2740737720253652 -999.9 -999.9 -999.9 -999.9 -999.99
weather 2023 3 3 62 3.0 19.9 1.682543571811919 -999.9 -999.9 -999.9 -999.9 -999.99
weather 2023 3 4 63 2.3000000000000003 13.8 4.155695519129819 -999.9 -999.9 -999.9 -999.9 -999.99
weather 2023 3 5 64 -1.3 7.800000000000001 2.216812052154161 -999.9 -999.9 -999.9 -999.9 -999.99
weather 2023 3 6 65 -6.6000000000000005 -1.7000000000000002 2.372455716988333 -999.9 -999.9 -999.9 -999.9 -999.99
weather 2023 3 7 66 -10.3 -0.4 3.3082043745669405 -999.9 -999.9 -999.9 -999.9 -999.99
weather 2023 3 8 67 -12.0 1.2000000000000002 4.624177723737019 -999.9 -999.9 -999.9 -999.9 -999.99
weather 2023 3 9 68 -9.2 -0.8 2.6189155272037947 -999.9 -999.9 -999.9 -999.9 -999.99
weather 2023 3 10 69 -13.8 -3.5 4.140650455940379 -999.9 -999.9 -999.9 -999.9 -999.99
weather 2023 3 11 70 -15.5 -0.9 1.8592290760543524 -999.9 -999.9 -999.9 -999.9 -999.99
weather 2023 3 12 71 -6.300000000000001 9.2 1.2246828588388836 -999.9 -999.9 -999.9 -999.9 -999.99
weather 2023 3 13 72 -1.7000000000000002 13.3 1.2260273052036856 -999.9 -999.9 -999.9 -999.9 -999.99
weather 2023 3 14 73 -2.5 10.1 1.2477565235404098 -999.9 -999.9 -999.9 -999.9 -999.99
weather 2023 3 15 74 -2.1 16.400000000000002 1.229482508226892 -999.9 -999.9 -999.9 -999.9 -999.99
weather 2023 3 16 75 1.8 8.9 3.1784639772461034 -999.9 -999.9 -999.9 -999.9 -999.99
weather 2023 3 17 76 -2.6 3.4000000000000004 2.711207164142978 -999.9 -999.9 -999.9 -999.9 -999.99
weather 2023 3 18 77 -9.9 6.9 2.670242488726563 -999.9 -999.9 -999.9 -999.9 -999.99
weather 2023 3 19 78 -5.4 11.9 4.376303385200083 -999.9 -999.9 -999.9 -999.9 -999.99
weather 2023 3 20 79 0.2 13.5 5.197715671481374 -999.9 -999.9 -999.9 -999.9 -999.99
weather 2023 3 21 80 -2.9000000000000004 7.2 4.750384312956461 -999.9 -999.9 -999.9 -999.9 -999.99
weather 2023 3 22 81 -6.5 3.4000000000000004 4.990121022724164 -999.9 -999.9 -999.9 -999.9 -999.99
weather 2023 3 23 82 -3.5 8.9 4.260073425769896 -999.9 -999.9 -999.9 -999.9 -999.99
weather 2023 3 24 83 -1.8 15.5 3.4752481081604034 -999.9 -999.9 -999.9 -999.9 -999.99
weather 2023 3 25 84 -1.1 15.9 3.678948559265605 -999.9 -999.9 -999.9 -999.9 -999.99
weather 2023 3 26 85 3.3000000000000003 20.8 5.428676879839853 -999.9 -999.9 -999.9 -999.9 -999.99
weather 2023 3 27 86 4.3 21.9 12.145186012996165 -999.9 -999.9 -999.9 -999.9 -999.99
weather 2023 3 28 87 6.0 22.3 12.917931681210847 -999.9 -999.9 -999.9 -999.9 -999.99
weather 2023 3 29 88 4.9 15.5 17.36291750068441 -999.9 -999.9 -999.9 -999.9 -999.99
weather 2023 3 30 89 -4.800000000000001 6.7 20.775259002893925 -999.9 -999.9 -999.9 -999.9 -999.99
weather 2023 3 31 90 -3.5 14.8 24.3890324470314 -999.9 -999.9 -999.9 -999.9 -999.99
weather 2023 9 1 244 13.5 32.1 16.66543547942489 -999.9 -999.9 -999.9 -999.9 -999.99
weather 2023 9 2 245 16.2 32.9 24.79585701061448 -999.9 -999.9 -999.9 -999.9 -999.99
weather 2023 9 3 246 12.6 31.0 15.204747179086716 -999.9 -999.9 -999.9 -999.9 -999.99
weather 2023 9 4 247 14.5 33.6 20.020055082160347 -999.9 -999.9 -999.9 -999.9 -999.99
weather 2023 9 5 248 17.1 34.5 22.969182404002517 -999.9 -999.9 -999.9 -999.9 -999.99
weather 2023 9 6 249 18.7 35.1 16.803938714559038 -999.9 -999.9 -999.9 -999.9 -999.99
weather 2023 9 7 250 17.7 34.9 18.542067772721644 -999.9 -999.9 -999.9 -999.9 -999.99
weather 2023 9 8 251 16.6 35.0 17.11589827366041 -999.9 -999.9 -999.9 -999.9 -999.99
weather 2023 9 9 252 13.9 26.6 7.880361992905362 -999.9 -999.9 -999.9 -999.9 -999.99
weather 2023 9 10 253 9.3 19.9 9.439257949176314 -999.9 -999.9 -999.9 -999.9 -999.99
weather 2023 9 11 254 5.7 27.0 15.604585365548656 -999.9 -999.9 -999.9 -999.9 -999.99
weather 2023 9 12 255 9.3 29.9 13.520536803611904 -999.9 -999.9 -999.9 -999.9 -999.99
weather 2023 9 13 256 11.4 29.200000000000003 8.129518420703718 -999.9 -999.9 -999.9 -999.9 -999.99
weather 2023 9 14 257 14.5 24.3 16.893441804307585 -999.9 -999.9 -999.9 -999.9 -999.99
weather 2023 9 15 258 10.9 24.1 11.527664184666088 -999.9 -999.9 -999.9 -999.9 -999.99
weather 2023 9 16 259 9.3 26.3 6.566305906372353 -999.9 -999.9 -999.9 -999.9 -999.99
weather 2023 9 17 260 10.2 27.3 5.846137415234677 -999.9 -999.9 -999.9 -999.9 -999.99
weather 2023 9 18 261 9.8 29.6 4.493723637117938 -999.9 -999.9 -999.9 -999.9 -999.99
weather 2023 9 19 262 12.1 30.5 3.655884860896194 -999.9 -999.9 -999.9 -999.9 -999.99
weather 2023 9 20 263 12.6 30.6 1.89983167733714 -999.9 -999.9 -999.9 -999.9 -999.99
weather 2023 9 21 264 13.0 23.1 2.3306413001633763 -999.9 -999.9 -999.9 -999.9 -999.99
weather 2023 9 22 265 9.8 22.200000000000003 1.7371030272092918 -999.9 -999.9 -999.9 -999.9 -999.99
weather 2023 9 23 266 10.3 25.700000000000003 1.5959642270259955 -999.9 -999.9 -999.9 -999.9 -999.99
weather 2023 9 24 267 7.800000000000001 26.6 2.101557871443751 -999.9 -999.9 -999.9 -999.9 -999.99
weather 2023 9 25 268 8.200000000000001 25.1 4.077540265132079 -999.9 -999.9 -999.9 -999.9 -999.99
weather 2023 9 26 269 8.4 27.0 2.973931473345039 -999.9 -999.9 -999.9 -999.9 -999.99
weather 2023 9 27 270 9.3 25.4 4.415270279978823 -999.9 -999.9 -999.9 -999.9 -999.99
weather 2023 9 28 271 10.1 27.700000000000003 4.236825074172064 -999.9 -999.9 -999.9 -999.9 -999.99
weather 2023 9 29 272 13.6 26.0 2.1355791191129896 -999.9 -999.9 -999.9 -999.9 -999.99
weather 2023 9 30 273 11.7 22.5 1.8504306878557792 -999.9 -999.9 -999.9 -999.9 -999.99
weather 2023 8 1 213 15.7 30.200000000000003 22.80316141807658 -999.9 -999.9 1.8125 22.345833333333335 -999.99
weather 2023 8 2 214 16.1 28.9 19.76285312612573 -999.9 -999.9 1.7249999999999999 22.125 -999.99
weather 2023 8 3 215 14.9 30.0 27.729993035927308 -999.9 -999.9 1.2041666666666668 22.1125 -999.99
weather 2023 8 4 216 13.5 30.6 24.491009588077688 -999.9 -999.9 1.125 21.59166666666667 -999.99
weather 2023 8 5 217 14.8 28.3 26.89183522708051 -999.9 -999.9 1.0958333333333334 21.3875 -999.99
weather 2023 8 6 218 11.1 25.200000000000003 19.58341499501765 -999.9 -999.9 1.8541666666666667 18.25 -999.99
weather 2023 8 7 219 12.3 29.200000000000003 26.825746499550323 -999.9 -999.9 1.8708333333333333 19.666666666666668 -999.99
weather 2023 8 8 220 12.3 29.4 24.89162841893513 -999.9 -999.9 1.3875000000000002 20.51666666666667 -999.99
weather 2023 8 9 221 11.9 28.4 6.910315979257308 -999.9 -999.9 1.7666666666666668 19.733333333333334 -999.99
weather 2023 8 10 222 15.4 31.1 18.05409500151449 -999.9 -999.9 1.7791666666666668 22.25 -999.99
weather 2023 8 11 223 16.5 28.700000000000003 21.39777250424628 -999.9 -999.9 1.679166666666667 22.325000000000003 -999.99
weather 2023 8 12 224 17.400000000000002 25.9 26.37052039782999 -999.9 -999.9 1.8375000000000001 21.55 -999.99
weather 2023 8 13 225 15.8 24.3 19.264870391487705 -999.9 -999.9 2.504166666666667 20.191666666666666 -999.99
weather 2023 8 14 226 10.5 27.5 10.064008698298874 -999.9 -999.9 1.6000000000000003 18.25 -999.99
weather 2023 8 15 227 12.7 32.800000000000004 15.396943312369286 -999.9 -999.9 1.9208333333333334 21.333333333333332 -999.99
weather 2023 8 16 228 16.400000000000002 32.1 18.001049844420265 -999.9 -999.9 2.1958333333333333 23.729166666666668 -999.99
weather 2023 8 17 229 14.7 33.5 26.00543690442163 -999.9 -999.9 2.004166666666667 23.695833333333336 -999.99
weather 2023 8 18 230 18.6 32.6 23.91844463040547 -999.9 -999.9 2.8833333333333333 24.9875 -999.99
weather 2023 8 19 231 16.8 34.5 18.672252653430096 -999.9 -999.9 2.654166666666667 24.770833333333332 -999.99
weather 2023 8 20 232 13.9 33.9 11.05747091111659 -999.9 -999.9 2.3833333333333333 23.712500000000002 -999.99
weather 2023 8 21 233 17.400000000000002 35.7 18.262158851968543 -999.9 -999.9 3.6333333333333333 25.754166666666666 -999.99
weather 2023 8 22 234 18.6 33.7 18.576396509966404 -999.9 -999.9 3.045833333333334 25.92916666666667 -999.99
weather 2023 8 23 235 17.1 32.4 22.78868692414068 -999.9 -999.9 2.3708333333333336 24.65833333333333 -999.99
weather 2023 8 24 236 17.2 30.8 23.09960975827409 -999.9 -999.9 1.7583333333333335 23.745833333333334 -999.99
weather 2023 8 25 237 16.6 24.8 21.799289186981152 -999.9 -999.9 1.9208333333333334 20.195833333333336 -999.99
weather 2023 8 26 238 13.3 26.1 24.753675698149483 -999.9 -999.9 1.9708333333333334 18.370833333333334 -999.99
weather 2023 8 27 239 14.8 29.200000000000003 23.617682964930268 -999.9 -999.9 1.7041666666666668 21.279166666666665 -999.99
weather 2023 8 28 240 14.2 27.3 14.354785787948954 -999.9 -999.9 2.1708333333333334 19.875 -999.99
weather 2023 8 29 241 12.2 27.9 17.92479624905426 -999.9 -999.9 1.5666666666666667 19.3875 -999.99
weather 2023 8 30 242 13.3 33.4 20.259026272377024 -999.9 -999.9 1.7583333333333335 22.004166666666666 -999.99
weather 2023 8 31 243 14.3 33.800000000000004 12.20848574272194 -999.9 -999.9 1.8875000000000002 23.979166666666668 -999.99
