weather 2023 6 1 152 13.1 29.3 10.491880278247802 -999.9 -999.9 -999.9 -999.9 -999.99
weather 2023 6 2 153 12.3 30.1 20.86477872041885 -999.9 -999.9 -999.9 -999.9 -999.99
weather 2023 6 3 154 12.1 26.4 10.265139420549668 -999.9 -999.9 -999.9 -999.9 -999.99
weather 2023 6 4 155 11.7 27.700000000000003 27.39048909959323 -999.9 -999.9 -999.9 -999.9 -999.99
weather 2023 6 5 156 14.2 23.1 23.0194683091336 -999.9 -999.9 -999.9 -999.9 -999.99
weather 2023 6 6 157 13.0 25.200000000000003 23.82663817306793 -999.9 -999.9 -999.9 -999.9 -999.99
weather 2023 6 7 158 10.8 23.4 18.801191384836915 -999.9 -999.9 -999.9 -999.9 -999.99
weather 2023 6 8 159 11.0 28.3 25.80101888315314 -999.9 -999.9 -999.9 -999.9 -999.99
weather 2023 6 9 160 14.4 30.6 24.00688835727137 -999.9 -999.9 -999.9 -999.9 -999.99
weather 2023 6 10 161 16.8 26.200000000000003 21.891060619111528 -999.9 -999.9 -999.9 -999.9 -999.99
weather 2023 6 11 162 11.6 21.6 27.774843925817844 -999.9 -999.9 -999.9 -999.9 -999.99
weather 2023 6 12 163 11.6 24.4 24.167503462990798 -999.9 -999.9 -999.9 -999.9 -999.99
weather 2023 6 13 164 12.4 29.9 17.119691906003588 -999.9 -999.9 -999.9 -999.9 -999.99
weather 2023 6 14 165 15.0 28.3 11.984735577549952 -999.9 -999.9 -999.9 -999.9 -999.99
weather 2023 6 15 166 14.0 23.6 26.077426029354324 -999.9 -999.9 -999.9 -999.9 -999.99
weather 2023 6 16 167 14.2 27.700000000000003 19.764579948646738 -999.9 -999.9 -999.9 -999.9 -999.99
weather 2023 6 17 168 13.1 29.700000000000003 26.43289712360352 -999.9 -999.9 -999.9 -999.9 -999.99
weather 2023 6 18 169 14.4 28.4 19.46485545442999 -999.9 -999.9 -999.9 -999.9 -999.99
weather 2023 6 19 170 14.6 34.0 8.42724145945489 -999.9 -999.9 -999.9 -999.9 -999.99
weather 2023 6 20 171 15.3 31.5 26.409772552100804 -999.9 -999.9 -999.9 -999.9 -999.99
weather 2023 6 21 172 15.0 34.7 22.160750752391756 -999.9 -999.9 -999.9 -999.9 -999.99
weather 2023 6 22 173 16.1 30.6 24.931299451498425 -999.9 -999.9 -999.9 -999.9 -999.99
weather 2023 6 23 174 13.3 33.4 29.69745117754531 -999.9 -999.9 -999.9 -999.9 -999.99
weather 2023 6 24 175 16.5 32.5 25.355883496452694 -999.9 -999.9 -999.9 -999.9 -999.99
weather 2023 6 25 176 17.400000000000002 31.0 20.756940423241453 -999.9 -999.9 -999.9 -999.9 -999.99
weather 2023 6 26 177 15.7 28.5 11.877738994756646 -999.9 -999.9 -999.9 -999.9 -999.99
weather 2023 6 27 178 14.8 32.0 22.651259560838064 -999.9 -999.9 -999.9 -999.9 -999.99
weather 2023 6 28 179 16.8 32.6 26.60321509292486 -999.9 -999.9 -999.9 -999.9 -999.99
weather 2023 6 29 180 18.4 29.4 20.04624080923932 -999.9 -999.9 -999.9 -999.9 -999.99
weather 2023 6 30 181 17.6 34.5 23.022560764457157 -999.9 -999.9 -999.9 -999.9 -999.99
weather 2023 5 1 121 -2.3000000000000003 7.7 5.545242655241574 -999.9 -999.9 -999.9 -999.9 -999.99
weather 2023 5 2 122 -3.3000000000000003 15.3 19.629929406707795 -999.9 -999.9 -999.9 -999.9 -999.99
weather 2023 5 3 123 3.9 20.1 28.52947654368001 -999.9 -999.9 -999.9 -999.9 -999.99
weather 2023 5 4 124 5.7 24.3 23.73643520646705 -999.9 -999.9 -999.9 -999.9 -999.99
weather 2023 5 5 125 8.6 27.1 23.370853163872003 -999.9 -999.9 -999.9 -999.9 -999.99
weather 2023 5 6 126 11.2 25.4 22.285860986160465 -999.9 -999.9 -999.9 -999.9 -999.99
weather 2023 5 7 127 8.8 20.5 26.69739125958018 -999.9 -999.9 -999.9 -999.9 -999.99
weather 2023 5 8 128 1.9 15.8 16.059370932992557 -999.9 -999.9 -999.9 -999.9 -999.99
weather 2023 5 9 129 3.3000000000000003 19.6 27.576011574523683 -999.9 -999.9 -999.9 -999.9 -999.99
weather 2023 5 10 130 5.9 18.3 14.675863197056882 -999.9 -999.9 -999.9 -999.9 -999.99
weather 2023 5 11 131 1.8 16.1 8.271099188399111 -999.9 -999.9 -999.9 -999.9 -999.99
weather 2023 5 12 132 1.9 22.1 12.245192140405688 -999.9 -999.9 -999.9 -999.9 -999.99
weather 2023 5 13 133 7.2 20.8 30.01517353174658 -999.9 -999.9 -999.9 -999.9 -999.99
weather 2023 5 14 134 2.9000000000000004 18.1 15.576189887884322 -999.9 -999.9 -999.9 -999.9 -999.99
weather 2023 5 15 135 4.1000000000000005 15.5 16.857343570430846 -999.9 -999.9 -999.9 -999.9 -999.99
weather 2023 5 16 136 5.300000000000001 11.6 6.578121748351233 -999.9 -999.9 -999.9 -999.9 -999.99
weather 2023 5 17 137 3.0 12.5 13.692689588743166 -999.9 -999.9 -999.9 -999.9 -999.99
weather 2023 5 18 138 1.7000000000000002 19.0 28.455610955018468 -999.9 -999.9 -999.9 -999.9 -999.99
weather 2023 5 19 139 6.2 23.9 23.73314957580366 -999.9 -999.9 -999.9 -999.9 -999.99
weather 2023 5 20 140 8.4 24.700000000000003 9.523775110538976 -999.9 -999.9 -999.9 -999.9 -999.99
weather 2023 5 21 141 9.1 28.1 22.91176690794047 -999.9 -999.9 -999.9 -999.9 -999.99
weather 2023 5 22 142 8.9 24.5 30.948622172095373 -999.9 -999.9 -999.9 -999.9 -999.99
weather 2023 5 23 143 4.7 19.0 19.66644954755937 -999.9 -999.9 -999.9 -999.9 -999.99
weather 2023 5 24 144 7.4 22.9 12.827742641874016 -999.9 -999.9 -999.9 -999.9 -999.99
weather 2023 5 25 145 6.6000000000000005 22.3 29.96294410440461 -999.9 -999.9 -999.9 -999.9 -999.99
weather 2023 5 26 146 7.1000000000000005 19.3 23.826280745951937 -999.9 -999.9 -999.9 -999.9 -999.99
weather 2023 5 27 147 7.1000000000000005 15.1 22.64619071415828 -999.9 -999.9 -999.9 -999.9 -999.99
weather 2023 5 28 148 5.4 21.700000000000003 27.92406052967982 -999.9 -999.9 -999.9 -999.9 -999.99
weather 2023 5 29 149 8.0 25.4 22.76260366342664 -999.9 -999.9 -999.9 -999.9 -999.99
weather 2023 5 30 150 9.3 25.200000000000003 31.474591901609102 -999.9 -999.9 -999.9 -999.9 -999.99
weather 2023 5 31 151 6.0 19.8 27.2572695790852 -999.9 -999.9 -999.9 -999.9 -999.99
weather 2023 9 1 244 13.8 29.8 16.670473126775235 -999.9 -999.9 -999.9 -999.9 -999.99
weather 2023 9 2 245 17.0 26.3 24.797365729666268 -999.9 -999.9 -999.9 -999.9 -999.99
weather 2023 9 3 246 15.6 30.5 15.208098405068982 -999.9 -999.9 -999.9 -999.9 -999.99
weather 2023 9 4 247 13.4 29.5 20.023023326400622 -999.9 -999.9 -999.9 -999.9 -999.99
weather 2023 9 5 248 12.1 30.1 22.971067577566576 -999.9 -999.9 -999.9 -999.9 -999.99
weather 2023 9 6 249 12.2 25.8 16.8074312719917 -999.9 -999.9 -999.9 -999.9 -999.99
weather 2023 9 7 250 11.7 30.200000000000003 18.545017843462848 -999.9 -999.9 -999.9 -999.9 -999.99
weather 2023 9 8 251 11.7 31.6 17.119756692472833 -999.9 -999.9 -999.9 -999.9 -999.99
weather 2023 9 9 252 10.2 24.8 7.885108630127596 -999.9 -999.9 -999.9 -999.9 -999.99
weather 2023 9 10 253 5.7 27.4 9.444622200891352 -999.9 -999.9 -999.9 -999.9 -999.99
weather 2023 9 11 254 10.8 32.1 15.608936554504716 -999.9 -999.9 -999.9 -999.9 -999.99
weather 2023 9 12 255 13.0 24.8 13.524907545970768 -999.9 -999.9 -999.9 -999.9 -999.99
weather 2023 9 13 256 7.5 20.200000000000003 8.13381195323748 -999.9 -999.9 -999.9 -999.9 -999.99
weather 2023 9 14 257 8.0 25.4 22.59368855556701 -999.9 -999.9 -999.9 -999.9 -999.99
weather 2023 9 15 258 8.200000000000001 22.3 22.33053007273737 -999.9 -999.9 -999.9 -999.9 -999.99
weather 2023 9 16 259 7.300000000000001 22.0 21.47088378479651 -999.9 -999.9 -999.9 -999.9 -999.99
weather 2023 9 17 260 8.9 25.1 12.365757643632811 -999.9 -999.9 -999.9 -999.9 -999.99
weather 2023 9 18 261 11.3 30.5 11.231842100644002 -999.9 -999.9 -999.9 -999.9 -999.99
weather 2023 9 19 262 14.4 31.700000000000003 21.79647402023508 -999.9 -999.9 -999.9 -999.9 -999.99
weather 2023 9 20 263 15.4 30.200000000000003 21.280820305474546 -999.9 -999.9 -999.9 -999.9 -999.99
weather 2023 9 21 264 15.5 27.9 19.23445998087236 -999.9 -999.9 -999.9 -999.9 -999.99
weather 2023 9 22 265 12.2 23.200000000000003 20.6574800997923 -999.9 -999.9 -999.9 -999.9 -999.99
weather 2023 9 23 266 11.9 29.700000000000003 19.935972344957385 -999.9 -999.9 -999.9 -999.9 -999.99
weather 2023 9 24 267 5.800000000000001 20.4 19.7325906941214 -999.9 -999.9 -999.9 -999.9 -999.99
weather 2023 9 25 268 5.2 20.6 12.639762552327538 -999.9 -999.9 -999.9 -999.9 -999.99
weather 2023 9 26 269 7.4 25.3 12.135341613047387 -999.9 -999.9 -999.9 -999.9 -999.99
weather 2023 9 27 270 10.1 27.8 11.447827702360868 -999.9 -999.9 -999.9 -999.9 -999.99
weather 2023 9 28 271 11.3 26.5 12.560197649376253 -999.9 -999.9 -999.9 -999.9 -999.99
weather 2023 9 29 272 8.700000000000001 27.5 17.881180574730443 -999.9 -999.9 -999.9 -999.9 -999.99
weather 2023 9 30 273 13.3 22.9 18.359518038482115 -999.9 -999.9 -999.9 -999.9 -999.99
weather 2023 2 1 32 -4.800000000000001 3.5 0.6394439751992707 -999.9 -999.9 -999.9 -999.9 -999.99
weather 2023 2 2 33 -8.200000000000001 -1.0 1.499085590790285 -999.9 -999.9 -999.9 -999.9 -999.99
weather 2023 2 3 34 -10.7 -0.3 3.202331492119216 -999.9 -999.9 -999.9 -999.9 -999.99
weather 2023 2 4 35 -5.1000000000000005 10.2 1.010686374799352 -999.9 -999.9 -999.9 -999.9 -999.99
weather 2023 2 5 36 -0.1 11.9 1.487129865230517 -999.9 -999.9 -999.9 -999.9 -999.99
weather 2023 2 6 37 1.3 11.8 1.963467116998528 -999.9 -999.9 -999.9 -999.9 -999.99
weather 2023 2 7 38 1.7000000000000002 13.0 2.213957125593641 -999.9 -999.9 -999.9 -999.9 -999.99
weather 2023 2 8 39 2.7 10.1 2.160983216149861 -999.9 -999.9 -999.9 -999.9 -999.99
weather 2023 2 9 40 -0.7000000000000001 17.2 2.793700335666435 -999.9 -999.9 -999.9 -999.9 -999.99
weather 2023 2 10 41 6.0 20.6 3.6609046944504673 -999.9 -999.9 -999.9 -999.9 -999.99
weather 2023 2 11 42 5.4 11.4 2.3112420002708496 -999.9 -999.9 -999.9 -999.9 -999.99
weather 2023 2 12 43 -4.3 7.1000000000000005 0.6967858269847571 -999.9 -999.9 -999.9 -999.9 -999.99
weather 2023 2 13 44 -1.1 9.4 1.0000073816288235 -999.9 -999.9 -999.9 -999.9 -999.99
weather 2023 2 14 45 -3.5 8.3 3.4067010313614468 -999.9 -999.9 -999.9 -999.9 -999.99
weather 2023 2 15 46 -1.7000000000000002 15.5 1.7164170087226966 -999.9 -999.9 -999.9 -999.9 -999.99
weather 2023 2 16 47 1.4 20.1 3.4918301522340114 -999.9 -999.9 -999.9 -999.9 -999.99
weather 2023 2 17 48 2.3000000000000003 16.5 1.772978041210836 -999.9 -999.9 -999.9 -999.9 -999.99
weather 2023 2 18 49 1.6 15.5 2.9637425844453604 -999.9 -999.9 -999.9 -999.9 -999.99
weather 2023 2 19 50 4.0 15.6 1.1209640659857616 -999.9 -999.9 -999.9 -999.9 -999.99
weather 2023 2 20 51 0.2 14.4 1.4215955185208862 -999.9 -999.9 -999.9 -999.9 -999.99
weather 2023 2 21 52 3.1 18.7 1.8811668534462305 -999.9 -999.9 -999.9 -999.9 -999.99
weather 2023 2 22 53 1.7000000000000002 10.7 2.087545306451415 -999.9 -999.9 -999.9 -999.9 -999.99
weather 2023 2 23 54 -4.7 4.800000000000001 1.5126369619968238 -999.9 -999.9 -999.9 -999.9 -999.99
weather 2023 2 24 55 -8.4 -3.9 2.658682385725861 -999.9 -999.9 -999.9 -999.9 -999.99
weather 2023 2 25 56 -10.8 -0.2 5.958474759011716 -999.9 -999.9 -999.9 -999.9 -999.99
weather 2023 2 26 57 -11.2 1.7000000000000002 6.016084079880231 -999.9 -999.9 -999.9 -999.9 -999.99
weather 2023 2 27 58 -7.4 8.0 3.0799777725055 -999.9 -999.9 -999.9 -999.9 -999.99
weather 2023 2 28 59 -4.7 1.3 7.459948470521964 -999.9 -999.9 -999.9 -999.9 -999.99
weather 2023 4 1 91 -1.1 9.3 23.152164199473717 -999.9 -999.9 -999.9 -999.9 -999.99
weather 2023 4 2 92 -999.9 17.400000000000002 12.97896627063502 -999.9 -999.9 -999.9 -999.9 -999.99
weather 2023 4 3 93 1.6 13.5 5.30857939419154 -999.9 -999.9 -999.9 -999.9 -999.99
weather 2023 4 4 94 -0.8 7.2 21.711545725517844 -999.9 -999.9 -999.9 -999.9 -999.99
weather 2023 4 5 95 -5.2 12.6 16.18626589543122 -999.9 -999.9 -999.9 -999.9 -999.99
weather 2023 4 6 96 0.2 17.900000000000002 20.37699322204841 -999.9 -999.9 -999.9 -999.9 -999.99
weather 2023 4 7 97 5.2 24.6 12.80083948370817 -999.9 -999.9 -999.9 -999.9 -999.99
weather 2023 4 8 98 9.0 24.4 16.039055447954084 -999.9 -999.9 -999.9 -999.9 -999.99
weather 2023 4 9 99 4.800000000000001 17.2 4.830238008448449 -999.9 -999.9 -999.9 -999.9 -999.99
weather 2023 4 10 100 -2.2 14.5 20.562171445859526 -999.9 -999.9 -999.9 -999.9 -999.99
weather 2023 4 11 101 0.1 19.200000000000003 25.997914380759948 -999.9 -999.9 -999.9 -999.9 -999.99
weather 2023 4 12 102 5.1000000000000005 22.6 18.05078597157517 -999.9 -999.9 -999.9 -999.9 -999.99
weather 2023 4 13 103 3.7 24.8 26.6735403810855 -999.9 -999.9 -999.9 -999.9 -999.99
weather 2023 4 14 104 7.1000000000000005 25.0 21.595857996443357 -999.9 -999.9 -999.9 -999.9 -999.99
weather 2023 4 15 105 5.6000000000000005 20.4 26.69397678280705 -999.9 -999.9 -999.9 -999.9 -999.99
weather 2023 4 16 106 4.4 21.1 27.23610835025774 -999.9 -999.9 -999.9 -999.9 -999.99
weather 2023 4 17 107 2.7 23.3 25.57798529260831 -999.9 -999.9 -999.9 -999.9 -999.99
weather 2023 4 18 108 5.2 22.1 20.88004272653238 -999.9 -999.9 -999.9 -999.9 -999.99
weather 2023 4 19 109 6.4 21.0 22.739870577087704 -999.9 -999.9 -999.9 -999.9 -999.99
weather 2023 4 20 110 2.7 14.7 27.68165704427848 -999.9 -999.9 -999.9 -999.9 -999.99
weather 2023 4 21 111 2.6 9.0 12.59121780783966 -999.9 -999.9 -999.9 -999.9 -999.99
weather 2023 4 22 112 1.4 12.8 9.016697827708477 -999.9 -999.9 -999.9 -999.9 -999.99
weather 2023 4 23 113 1.3 23.200000000000003 24.20189414561701 -999.9 -999.9 -999.9 -999.9 -999.99
weather 2023 4 24 114 4.9 18.5 28.24401109427246 -999.9 -999.9 -999.9 -999.9 -999.99
weather 2023 4 25 115 2.9000000000000004 14.6 16.07226145692388 -999.9 -999.9 -999.9 -999.9 -999.99
weather 2023 4 26 116 -3.2 13.7 28.67537308569399 -999.9 -999.9 -999.9 -999.9 -999.99
weather 2023 4 27 117 2.5 10.4 29.013639063523765 -999.9 -999.9 -999.9 -999.9 -999.99
weather 2023 4 28 118 -1.5 8.700000000000001 22.86510279713204 -999.9 -999.9 -999.9 -999.9 -999.99
weather 2023 4 29 119 -3.8 4.5 6.592346889731576 -999.9 -999.9 -999.9 -999.9 -999.99
weather 2023 4 30 120 -3.9 13.9 9.249905615693564 -999.9 -999.9 -999.9 -999.9 -999.99
weather 2023 8 1 213 15.0 30.5 22.80661867490869 -999.9 -999.9 -999.9 -999.9 -999.99
weather 2023 8 2 214 15.1 34.0 19.766096998298003 -999.9 -999.9 -999.9 -999.9 -999.99
weather 2023 8 3 215 19.4 29.6 27.73189447761881 -999.9 -999.9 -999.9 -999.9 -999.99
weather 2023 8 4 216 16.6 34.9 24.493909433212497 -999.9 -999.9 -999.9 -999.9 -999.99
weather 2023 8 5 217 17.0 32.1 26.893777689844995 -999.9 -999.9 -999.9 -999.9 -999.99
weather 2023 8 6 218 15.4 28.8 19.58662308325982 -999.9 -999.9 -999.9 -999.9 -999.99
weather 2023 8 7 219 16.400000000000002 29.200000000000003 26.827858218209936 -999.9 -999.9 -999.9 -999.9 -999.99
weather 2023 8 8 220 15.7 27.6 24.89402738017076 -999.9 -999.9 -999.9 -999.9 -999.99
weather 2023 8 9 221 16.2 32.1 6.914881716136987 -999.9 -999.9 -999.9 -999.9 -999.99
weather 2023 8 10 222 17.2 32.1 18.059076672758778 -999.9 -999.9 -999.9 -999.9 -999.99
weather 2023 8 11 223 16.2 32.9 21.400891551347453 -999.9 -999.9 -999.9 -999.9 -999.99
weather 2023 8 12 224 15.6 33.0 26.372521812343464 -999.9 -999.9 -999.9 -999.9 -999.99
weather 2023 8 13 225 13.1 31.3 19.268003500704094 -999.9 -999.9 -999.9 -999.9 -999.99
weather 2023 8 14 226 14.6 27.8 10.069647705024405 -999.9 -999.9 -999.9 -999.9 -999.99
weather 2023 8 15 227 14.6 31.700000000000003 15.401434140907709 -999.9 -999.9 -999.9 -999.9 -999.99
weather 2023 8 16 228 14.0 32.0 18.005092355851897 -999.9 -999.9 -999.9 -999.9 -999.99
weather 2023 8 17 229 15.3 29.5 26.00711912710873 -999.9 -999.9 -999.9 -999.9 -999.99
weather 2023 8 18 230 15.7 26.3 23.920707624909205 -999.9 -999.9 -999.9 -999.9 -999.99
weather 2023 8 19 231 10.9 22.5 18.675720308750787 -999.9 -999.9 -999.9 -999.9 -999.99
weather 2023 8 20 232 9.0 24.5 11.063452883091935 -999.9 -999.9 -999.9 -999.9 -999.99
weather 2023 8 21 233 10.2 22.4 18.26639071481474 -999.9 -999.9 -999.9 -999.9 -999.99
weather 2023 8 22 234 11.7 26.5 18.5792727501292 -999.9 -999.9 -999.9 -999.9 -999.99
weather 2023 8 23 235 14.7 30.0 22.79133882241061 -999.9 -999.9 -999.9 -999.9 -999.99
weather 2023 8 24 236 13.8 32.2 23.10209098476059 -999.9 -999.9 -999.9 -999.9 -999.99
weather 2023 8 25 237 16.7 32.1 21.802517428425368 -999.9 -999.9 -999.9 -999.9 -999.99
weather 2023 8 26 238 18.3 33.4 24.755288141258173 -999.9 -999.9 -999.9 -999.9 -999.99
weather 2023 8 27 239 18.5 33.0 23.62005283604729 -999.9 -999.9 -999.9 -999.9 -999.99
weather 2023 8 28 240 9.9 26.8 14.358843607877892 -999.9 -999.9 -999.9 -999.9 -999.99
weather 2023 8 29 241 10.5 32.1 17.928584173520346 -999.9 -999.9 -999.9 -999.9 -999.99
weather 2023 8 30 242 15.1 32.7 20.26248471486904 -999.9 -999.9 -999.9 -999.9 -999.99
weather 2023 8 31 243 18.1 32.4 12.213685615442804 -999.9 -999.9 -999.9 -999.9 -999.99
weather 2023 11 1 305 0.4 11.8 2.1411111671666867 -999.9 -999.9 -999.9 -999.9 -999.99
weather 2023 11 2 306 0.3 17.5 0.8762516857060942 -999.9 -999.9 -999.9 -999.9 -999.99
weather 2023 11 3 307 4.0 11.2 0.9648829182459412 -999.9 -999.9 -999.9 -999.9 -999.99
weather 2023 11 4 308 -1.5 9.1 2.304462655138464 -999.9 -999.9 -999.9 -999.9 -999.99
weather 2023 11 5 309 1.7000000000000002 10.0 1.0559912482751126 -999.9 -999.9 -999.9 -999.9 -999.99
weather 2023 11 6 310 -1.8 7.300000000000001 1.7411344809651454 -999.9 -999.9 -999.9 -999.9 -999.99
weather 2023 11 7 311 -3.9 5.9 1.172660773225543 -999.9 -999.9 -999.9 -999.9 -999.99
weather 2023 11 8 312 -4.9 3.2 1.7288222707487082 -999.9 -999.9 -999.9 -999.9 -999.99
weather 2023 11 9 313 -7.1000000000000005 6.4 2.5226646950808003 -999.9 -999.9 -999.9 -999.9 -999.99
weather 2023 11 10 314 -3.2 9.3 1.920043235339201 -999.9 -999.9 -999.9 -999.9 -999.99
weather 2023 11 11 315 -4.0 0.9 2.036174236115381 -999.9 -999.9 -999.9 -999.9 -999.99
weather 2023 11 12 316 -7.300000000000001 0.2 2.148250271296567 -999.9 -999.9 -999.9 -999.9 -999.99
weather 2023 11 13 317 -7.7 7.5 1.2399381719632068 -999.9 -999.9 -999.9 -999.9 -999.99
weather 2023 11 14 318 -1.0 14.2 0.6955938415222729 -999.9 -999.9 -999.9 -999.9 -999.99
weather 2023 11 15 319 1.4 13.7 0.6617427503006084 -999.9 -999.9 -999.9 -999.9 -999.99
weather 2023 11 16 320 -0.4 13.9 0.6706017731248568 -999.9 -999.9 -999.9 -999.9 -999.99
weather 2023 11 17 321 -5.0 4.7 2.381971566375481 -999.9 -999.9 -999.9 -999.9 -999.99
weather 2023 11 18 322 -7.4 8.200000000000001 1.3222448136881635 -999.9 -999.9 -999.9 -999.9 -999.99
weather 2023 11 19 323 -2.6 8.5 1.2202798450622294 -999.9 -999.9 -999.9 -999.9 -999.99
weather 2023 11 20 324 -2.5 12.4 2.064981991083402 -999.9 -999.9 -999.9 -999.9 -999.99
weather 2023 11 21 325 -0.3 14.7 2.942532383521064 -999.9 -999.9 -999.9 -999.9 -999.99
weather 2023 11 22 326 -999.9 14.6 1.9913427226455007 -999.9 -999.9 -999.9 -999.9 -999.99
weather 2023 11 23 327 0.2 9.3 1.978778993947704 -999.9 -999.9 -999.9 -999.9 -999.99
weather 2023 11 24 328 -0.9 8.9 1.4200551684301133 -999.9 -999.9 -999.9 -999.9 -999.99
weather 2023 11 25 329 -6.0 3.5 0.534830432022718 -999.9 -999.9 -999.9 -999.9 -999.99
weather 2023 11 26 330 -5.6000000000000005 7.6 0.6878179834050244 -999.9 -999.9 -999.9 -999.9 -999.99
weather 2023 11 27 331 -1.4 7.7 1.9493566162865708 -999.9 -999.9 -999.9 -999.9 -999.99
weather 2023 11 28 332 1.1 10.8 1.9114313192410568 -999.9 -999.9 -999.9 -999.9 -999.99
weather 2023 11 29 333 -2.1 8.700000000000001 1.5881587251557177 -999.9 -999.9 -999.9 -999.9 -999.99
weather 2023 11 30 334 -3.2 4.4 0.513361996325719 -999.9 -999.9 -999.9 -999.9 -999.99
weather 2023 3 1 60 0.3 8.1 12.680539976435918 -999.9 -999.9 -999.9 -999.9 -999.99
weather 2023 3 2 61 -6.300000000000001 0.2 12.874810549678848 -999.9 -999.9 -999.9 -999.9 -999.99
weather 2023 3 3 62 -14.4 -6.1000000000000005 14.473274799748634 -999.9 -999.9 -999.9 -999.9 -999.99
weather 2023 3 4 63 -16.3 -1.9 8.212965944995876 -999.9 -999.9 -999.9 -999.9 -999.99
weather 2023 3 5 64 -14.9 2.8000000000000003 15.873874753958042 -999.9 -999.9 -999.9 -999.9 -999.99
weather 2023 3 6 65 -6.9 8.3 15.360887629796403 -999.9 -999.9 -999.9 -999.9 -999.99
weather 2023 3 7 66 -4.9 11.0 3.561483273922549 -999.9 -999.9 -999.9 -999.9 -999.99
weather 2023 3 8 67 -0.4 10.4 7.5334165786597795 -999.9 -999.9 -999.9 -999.9 -999.99
weather 2023 3 9 68 -1.8 6.5 15.938901670504878 -999.9 -999.9 -999.9 -999.9 -999.99
weather 2023 3 10 69 -5.2 8.0 13.64054513262885 -999.9 -999.9 -999.9 -999.9 -999.99
weather 2023 3 11 70 -3.0 10.1 18.714485454211456 -999.9 -999.9 -999.9 -999.9 -999.99
weather 2023 3 12 71 -0.2 16.900000000000002 19.486617386253613 -999.9 -999.9 -999.9 -999.9 -999.99
weather 2023 3 13 72 -2.0 7.7 20.360081921061436 -999.9 -999.9 -999.9 -999.9 -999.99
weather 2023 3 14 73 -4.6000000000000005 -999.9 20.50244899583691 -999.9 -999.9 -999.9 -999.9 -999.99
weather 2023 3 15 74 -10.8 5.800000000000001 20.716635595432265 -999.9 -999.9 -999.9 -999.9 -999.99
weather 2023 3 16 75 -4.9 8.6 16.487961706922253 -999.9 -999.9 -999.9 -999.9 -999.99
weather 2023 3 17 76 -3.5 11.3 17.62921585962842 -999.9 -999.9 -999.9 -999.9 -999.99
weather 2023 3 18 77 -4.6000000000000005 10.1 2.712569378640677 -999.9 -999.9 -999.9 -999.9 -999.99
weather 2023 3 19 78 -2.9000000000000004 6.6000000000000005 5.277117037997262 -999.9 -999.9 -999.9 -999.9 -999.99
weather 2023 3 20 79 -3.7 14.4 7.84072896360686 -999.9 -999.9 -999.9 -999.9 -999.99
weather 2023 3 21 80 0.6000000000000001 16.2 11.984877411529636 -999.9 -999.9 -999.9 -999.9 -999.99
weather 2023 3 22 81 -0.2 10.8 13.714858115744804 -999.9 -999.9 -999.9 -999.9 -999.99
weather 2023 3 23 82 0.2 7.7 15.109754191827506 -999.9 -999.9 -999.9 -999.9 -999.99
weather 2023 3 24 83 -1.4 12.2 22.77272262956064 -999.9 -999.9 -999.9 -999.9 -999.99
weather 2023 3 25 84 -1.9 11.8 23.106301701145583 -999.9 -999.9 -999.9 -999.9 -999.99
weather 2023 3 26 85 -0.3 19.8 19.253002879001425 -999.9 -999.9 -999.9 -999.9 -999.99
weather 2023 3 27 86 4.9 20.6 21.789282239872037 -999.9 -999.9 -999.9 -999.9 -999.99
weather 2023 3 28 87 2.2 17.900000000000002 20.63407494881684 -999.9 -999.9 -999.9 -999.9 -999.99
weather 2023 3 29 88 -0.5 10.6 17.366046081187644 -999.9 -999.9 -999.9 -999.9 -999.99
weather 2023 3 30 89 -2.6 7.7 20.77757767114057 -999.9 -999.9 -999.9 -999.9 -999.99
weather 2023 3 31 90 -2.8000000000000003 10.9 24.39039676121101 -999.9 -999.9 -999.9 -999.9 -999.99
weather 2023 10 1 274 6.2 14.8 6.629639946822562 -999.9 -999.9 -999.9 -999.9 -999.99
weather 2023 10 2 275 3.9 19.3 11.133964314909766 -999.9 -999.9 -999.9 -999.9 -999.99
weather 2023 10 3 276 1.0 20.9 9.64512458800645 -999.9 -999.9 -999.9 -999.9 -999.99
weather 2023 10 4 277 3.7 25.1 14.61830856852018 -999.9 -999.9 -999.9 -999.9 -999.99
weather 2023 10 5 278 4.0 18.7 13.67785994309971 -999.9 -999.9 -999.9 -999.9 -999.99
weather 2023 10 6 279 3.2 17.1 16.369039361324823 -999.9 -999.9 -999.9 -999.9 -999.99
weather 2023 10 7 280 2.5 23.9 16.454165464703397 -999.9 -999.9 -999.9 -999.9 -999.99
weather 2023 10 8 281 6.9 24.4 14.91000088749893 -999.9 -999.9 -999.9 -999.9 -999.99
weather 2023 10 9 282 8.3 25.8 14.582963396844251 -999.9 -999.9 -999.9 -999.9 -999.99
weather 2023 10 10 283 -5.4 15.3 14.51076197777075 -999.9 -999.9 -999.9 -999.9 -999.99
weather 2023 10 11 284 -7.800000000000001 10.5 12.385476735734564 -999.9 -999.9 -999.9 -999.9 -999.99
weather 2023 10 12 285 -1.7000000000000002 17.3 7.296218710173393 -999.9 -999.9 -999.9 -999.9 -999.99
weather 2023 10 13 286 1.2000000000000002 21.1 7.471898201788133 -999.9 -999.9 -999.9 -999.9 -999.99
weather 2023 10 14 287 4.5 21.9 5.970752805177214 -999.9 -999.9 -999.9 -999.9 -999.99
weather 2023 10 15 288 0.3 16.900000000000002 8.209402390428174 -999.9 -999.9 -999.9 -999.9 -999.99
weather 2023 10 16 289 3.3000000000000003 25.200000000000003 2.7710695078509957 -999.9 -999.9 -999.9 -999.9 -999.99
weather 2023 10 17 290 8.3 26.3 3.5469960574193973 -999.9 -999.9 -999.9 -999.9 -999.99
weather 2023 10 18 291 8.8 17.0 1.0944819313319285 -999.9 -999.9 -999.9 -999.9 -999.99
weather 2023 10 19 292 1.0 16.5 1.5783958792410195 -999.9 -999.9 -999.9 -999.9 -999.99
weather 2023 10 20 293 1.7000000000000002 9.4 2.675254324561418 -999.9 -999.9 -999.9 -999.9 -999.99
weather 2023 10 21 294 -1.7000000000000002 9.7 1.2483347953526025 -999.9 -999.9 -999.9 -999.9 -999.99
weather 2023 10 22 295 -0.6000000000000001 15.3 1.7673553898992451 -999.9 -999.9 -999.9 -999.9 -999.99
weather 2023 10 23 296 1.9 9.5 1.7912321815471135 -999.9 -999.9 -999.9 -999.9 -999.99
weather 2023 10 24 297 -3.5 7.5 2.0129065509671995 -999.9 -999.9 -999.9 -999.9 -999.99
weather 2023 10 25 298 -1.8 18.6 3.0766290060112587 -999.9 -999.9 -999.9 -999.9 -999.99
weather 2023 10 26 299 4.800000000000001 20.6 3.477556581553072 -999.9 -999.9 -999.9 -999.9 -999.99
weather 2023 10 27 300 -5.800000000000001 10.9 1.8986168678084905 -999.9 -999.9 -999.9 -999.9 -999.99
weather 2023 10 28 301 -7.7 0.1 2.299278999316929 -999.9 -999.9 -999.9 -999.9 -999.99
weather 2023 10 29 302 -9.5 -5.4 1.9357150648070869 -999.9 -999.9 -999.9 -999.9 -999.99
weather 2023 10 30 303 -12.7 -2.0 2.6574541511007657 -999.9 -999.9 -999.9 -999.9 -999.99
weather 2023 10 31 304 -9.0 7.5 2.2413171672630705 -999.9 -999.9 -999.9 -999.9 -999.99
weather 2023 12 1 335 -8.3 2.7 2.3943772975644086 -999.9 -999.9 -999.9 -999.9 -999.99
weather 2023 12 2 336 -6.300000000000001 6.7 1.6275899853591516 -999.9 -999.9 -999.9 -999.9 -999.99
weather 2023 12 3 337 -1.2000000000000002 7.6 2.030497240541217 -999.9 -999.9 -999.9 -999.9 -999.99
weather 2023 12 4 338 -1.0 8.8 1.475388217597943 -999.9 -999.9 -999.9 -999.9 -999.99
weather 2023 12 5 339 -1.1 3.7 2.412101248446336 -999.9 -999.9 -999.9 -999.9 -999.99
weather 2023 12 6 340 -3.4000000000000004 8.1 2.4239998751598804 -999.9 -999.9 -999.9 -999.9 -999.99
weather 2023 12 7 341 0.1 10.4 1.3838819652736685 -999.9 -999.9 -999.9 -999.9 -999.99
weather 2023 12 8 342 1.6 9.7 2.444179396514145 -999.9 -999.9 -999.9 -999.9 -999.99
weather 2023 12 9 343 -5.300000000000001 2.9000000000000004 2.961741900439851 -999.9 -999.9 -999.9 -999.9 -999.99
weather 2023 12 10 344 -5.6000000000000005 3.4000000000000004 2.5677701261649744 -999.9 -999.9 -999.9 -999.9 -999.99
weather 2023 12 11 345 -2.2 8.4 2.1925704896877614 -999.9 -999.9 -999.9 -999.9 -999.99
weather 2023 12 12 346 -1.1 8.4 1.008696508677371 -999.9 -999.9 -999.9 -999.9 -999.99
weather 2023 12 13 347 -1.6 4.7 1.3777327140393216 -999.9 -999.9 -999.9 -999.9 -999.99
weather 2023 12 14 348 -3.4000000000000004 3.0 1.3654891699450973 -999.9 -999.9 -999.9 -999.9 -999.99
weather 2023 12 15 349 -7.9 -0.8 0.8254610240188301 -999.9 -999.9 -999.9 -999.9 -999.99
weather 2023 12 16 350 -8.9 -0.7000000000000001 1.857026883873892 -999.9 -999.9 -999.9 -999.9 -999.99
weather 2023 12 17 351 -10.4 2.7 2.3893474301363384 -999.9 -999.9 -999.9 -999.9 -999.99
weather 2023 12 18 352 -4.6000000000000005 8.700000000000001 2.2157318164846185 -999.9 -999.9 -999.9 -999.9 -999.99
weather 2023 12 19 353 -2.7 4.7 2.376352237001728 -999.9 -999.9 -999.9 -999.9 -999.99
weather 2023 12 20 354 -4.800000000000001 7.4 2.72176887959277 -999.9 -999.9 -999.9 -999.9 -999.99
weather 2023 12 21 355 -1.4 10.4 2.673095770524512 -999.9 -999.9 -999.9 -999.9 -999.99
weather 2023 12 22 356 0.8 11.3 1.850634911425513 -999.9 -999.9 -999.9 -999.9 -999.99
weather 2023 12 23 357 3.4000000000000004 9.5 1.8566360218965647 -999.9 -999.9 -999.9 -999.9 -999.99
weather 2023 12 24 358 2.0 10.8 1.7468398643596292 -999.9 -999.9 -999.9 -999.9 -999.99
weather 2023 12 25 359 0.5 8.8 1.8773988615778208 -999.9 -999.9 -999.9 -999.9 -999.99
weather 2023 12 26 360 -3.5 5.0 2.561625354858635 -999.9 -999.9 -999.9 -999.9 -999.99
weather 2023 12 27 361 -4.0 1.3 1.7224915401887342 -999.9 -999.9 -999.9 -999.9 -999.99
weather 2023 12 28 362 -5.2 -2.2 1.9053212732578528 -999.9 -999.9 -999.9 -999.9 -999.99
weather 2023 12 29 363 -7.0 -2.1 2.7040447858714782 -999.9 -999.9 -999.9 -999.9 -999.99
weather 2023 12 30 364 -10.8 1.1 2.844773391270887 -999.9 -999.9 -999.9 -999.9 -999.99
weather 2023 12 31 365 -9.5 5.2 3.236309641906141 -999.9 -999.9 -999.9 -999.9 -999.99
weather 2023 1 1 1 -4.800000000000001 3.8 2.2448797875889577 -999.9 -999.9 -999.9 -999.9 -999.99
weather 2023 1 2 2 -5.6000000000000005 6.4 1.9707334649695687 -999.9 -999.9 -999.9 -999.9 -999.99
weather 2023 1 3 3 -2.9000000000000004 6.9 2.392438804298352 -999.9 -999.9 -999.9 -999.9 -999.99
weather 2023 1 4 4 -2.1 9.3 2.271630674858204 -999.9 -999.9 -999.9 -999.9 -999.99
weather 2023 1 5 5 -0.2 7.2 1.9466862898820707 -999.9 -999.9 -999.9 -999.9 -999.99
weather 2023 1 6 6 -5.1000000000000005 5.9 1.5035773563155908 -999.9 -999.9 -999.9 -999.9 -999.99
weather 2023 1 7 7 -3.2 5.300000000000001 1.152731549383928 -999.9 -999.9 -999.9 -999.9 -999.99
weather 2023 1 8 8 -4.5 5.6000000000000005 2.644886395849549 -999.9 -999.9 -999.9 -999.9 -999.99
weather 2023 1 9 9 -4.9 -0.4 1.2022375053391194 -999.9 -999.9 -999.9 -999.9 -999.99
weather 2023 1 10 10 -6.4 1.6 1.3135139151081408 -999.9 -999.9 -999.9 -999.9 -999.99
weather 2023 1 11 11 -7.7 7.4 2.861561201652961 -999.9 -999.9 -999.9 -999.9 -999.99
weather 2023 1 12 12 -4.2 10.0 2.029509777073798 -999.9 -999.9 -999.9 -999.9 -999.99
weather 2023 1 13 13 0.3 9.2 2.171129406379752 -999.9 -999.9 -999.9 -999.9 -999.99
weather 2023 1 14 14 -3.7 4.1000000000000005 2.276088443839176 -999.9 -999.9 -999.9 -999.9 -999.99
weather 2023 1 15 15 -5.4 5.7 2.761846124423444 -999.9 -999.9 -999.9 -999.9 -999.99
weather 2023 1 16 16 -1.2000000000000002 6.6000000000000005 2.3311748782083908 -999.9 -999.9 -999.9 -999.9 -999.99
weather 2023 1 17 17 -4.2 7.7 1.176476145133272 -999.9 -999.9 -999.9 -999.9 -999.99
weather 2023 1 18 18 -2.7 3.0 1.775111488458336 -999.9 -999.9 -999.9 -999.9 -999.99
weather 2023 1 19 19 -5.7 2.7 1.211457651527147 -999.9 -999.9 -999.9 -999.9 -999.99
weather 2023 1 20 20 -4.1000000000000005 9.2 2.335617753971037 -999.9 -999.9 -999.9 -999.9 -999.99
weather 2023 1 21 21 -1.0 6.1000000000000005 2.911284020181868 -999.9 -999.9 -999.9 -999.9 -999.99
weather 2023 1 22 22 -4.4 6.4 2.697992246222418 -999.9 -999.9 -999.9 -999.9 -999.99
weather 2023 1 23 23 -2.6 7.300000000000001 1.6703012312494243 -999.9 -999.9 -999.9 -999.9 -999.99
weather 2023 1 24 24 -6.6000000000000005 1.2000000000000002 2.221187089294557 -999.9 -999.9 -999.9 -999.9 -999.99
weather 2023 1 25 25 -4.5 -999.9 2.911864793848957 -999.9 -999.9 -999.9 -999.9 -999.99
weather 2023 1 26 26 -8.200000000000001 -3.7 1.4252686678646296 -999.9 -999.9 -999.9 -999.9 -999.99
weather 2023 1 27 27 -10.7 4.5 1.6191566048321773 -999.9 -999.9 -999.9 -999.9 -999.99
weather 2023 1 28 28 -4.5 9.3 0.6342272070168 -999.9 -999.9 -999.9 -999.9 -999.99
weather 2023 1 29 29 0.2 12.1 1.152949027992621 -999.9 -999.9 -999.9 -999.9 -999.99
weather 2023 1 30 30 -0.6000000000000001 7.9 2.781076450779501 -999.9 -999.9 -999.9 -999.9 -999.99
weather 2023 1 31 31 -3.7 9.4 1.6629451464311962 -999.9 -999.9 -999.9 -999.9 -999.99
weather 2023 7 1 182 16.6 25.9 30.79546105612865 -999.9 -999.9 -999.9 -999.9 -999.99
weather 2023 7 2 183 14.8 29.5 21.550748135885488 -999.9 -999.9 -999.9 -999.9 -999.99
weather 2023 7 3 184 17.1 33.6 21.685013408638845 -999.9 -999.9 -999.9 -999.9 -999.99
weather 2023 7 4 185 17.8 33.7 12.787567513743449 -999.9 -999.9 -999.9 -999.9 -999.99
weather 2023 7 5 186 18.0 32.800000000000004 21.133264125760984 -999.9 -999.9 -999.9 -999.9 -999.99
weather 2023 7 6 187 16.900000000000002 28.6 30.57153001936045 -999.9 -999.9 -999.9 -999.9 -999.99
weather 2023 7 7 188 15.7 33.5 25.281550692119133 -999.9 -999.9 -999.9 -999.9 -999.99
weather 2023 7 8 189 18.3 38.400000000000006 27.249114915858797 -999.9 -999.9 -999.9 -999.9 -999.99
weather 2023 7 9 190 20.6 38.3 23.0525715208915 -999.9 -999.9 -999.9 -999.9 -999.99
weather 2023 7 10 191 15.2 33.5 23.770610335461047 -999.9 -999.9 -999.9 -999.9 -999.99
weather 2023 7 11 192 14.4 31.5 27.6398748272618 -999.9 -999.9 -999.9 -999.9 -999.99
weather 2023 7 12 193 16.1 33.6 28.63399399347863 -999.9 -999.9 -999.9 -999.9 -999.99
weather 2023 7 13 194 19.0 32.1 29.885740604308 -999.9 -999.9 -999.9 -999.9 -999.99
weather 2023 7 14 195 18.5 24.6 24.239961207855828 -999.9 -999.9 -999.9 -999.9 -999.99
weather 2023 7 15 196 14.9 30.5 19.33896191995061 -999.9 -999.9 -999.9 -999.9 -999.99
weather 2023 7 16 197 17.0 34.2 8.319958938416288 -999.9 -999.9 -999.9 -999.9 -999.99
weather 2023 7 17 198 16.2 34.5 19.6044488322934 -999.9 -999.9 -999.9 -999.9 -999.99
weather 2023 7 18 199 16.1 34.2 27.60747310964561 -999.9 -999.9 -999.9 -999.9 -999.99
weather 2023 7 19 200 19.5 35.2 20.453845508753822 -999.9 -999.9 -999.9 -999.9 -999.99
weather 2023 7 20 201 18.7 35.0 16.403238869145788 -999.9 -999.9 -999.9 -999.9 -999.99
weather 2023 7 21 202 19.700000000000003 31.8 20.634055948254723 -999.9 -999.9 -999.9 -999.9 -999.99
weather 2023 7 22 203 20.3 35.4 15.83923507361133 -999.9 -999.9 -999.9 -999.9 -999.99
weather 2023 7 23 204 21.4 32.5 6.054176614018481 -999.9 -999.9 -999.9 -999.9 -999.99
weather 2023 7 24 205 19.200000000000003 30.6 7.019286404120708 -999.9 -999.9 -999.9 -999.9 -999.99
weather 2023 7 25 206 19.6 33.7 25.743750779459425 -999.9 -999.9 -999.9 -999.9 -999.99
weather 2023 7 26 207 17.7 35.2 18.861098893113084 -999.9 -999.9 -999.9 -999.9 -999.99
weather 2023 7 27 208 19.4 35.5 13.15959600734122 -999.9 -999.9 -999.9 -999.9 -999.99
weather 2023 7 28 209 20.1 37.8 17.73900004586621 -999.9 -999.9 -999.9 -999.9 -999.99
weather 2023 7 29 210 19.9 35.1 28.137146635473947 -999.9 -999.9 -999.9 -999.9 -999.99
weather 2023 7 30 211 19.4 33.9 23.27039262735937 -999.9 -999.9 -999.9 -999.9 -999.99
weather 2023 7 31 212 17.6 27.4 19.61795133746237 -999.9 -999.9 -999.9 -999.9 -999.99
