weather 2023 4 1 91 -2.4000000000000004 12.1 2.1817649273902937 -999.9 -999.9 -999.9 -999.9 -999.99
weather 2023 4 2 92 -4.0 11.0 4.628320147879363 -999.9 -999.9 -999.9 -999.9 -999.99
weather 2023 4 3 93 -2.5 5.7 4.110210546590492 -999.9 -999.9 -999.9 -999.9 -999.99
weather 2023 4 4 94 -7.6 8.6 2.7580635946798013 -999.9 -999.9 -999.9 -999.9 -999.99
weather 2023 4 5 95 -2.7 9.4 4.292562500542871 -999.9 -999.9 -999.9 -999.9 -999.99
weather 2023 4 6 96 -0.8 8.700000000000001 3.473983802454163 -999.9 -999.9 -999.9 -999.9 -999.99
weather 2023 4 7 97 -1.5 8.6 4.4624613427138495 -999.9 -999.9 -999.9 -999.9 -999.99
weather 2023 4 8 98 0.1 15.8 3.0604354293202074 -999.9 -999.9 -999.9 -999.9 -999.99
weather 2023 4 9 99 3.9 18.9 3.493098161335535 -999.9 -999.9 -999.9 -999.9 -999.99
weather 2023 4 10 100 3.0 17.8 3.378429632313254 -999.9 -999.9 -999.9 -999.9 -999.99
weather 2023 4 11 101 3.7 21.200000000000003 3.279078641114892 -999.9 -999.9 -999.9 -999.9 -999.99
weather 2023 4 12 102 6.0 19.1 5.423661585191673 -999.9 -999.9 -999.9 -999.9 -999.99
weather 2023 4 13 103 -2.5 12.8 4.650297941889034 -999.9 -999.9 -999.9 -999.9 -999.99
weather 2023 4 14 104 -9.0 5.300000000000001 5.490019895312216 -999.9 -999.9 -999.9 -999.9 -999.99
weather 2023 4 15 105 -4.3 13.7 5.113097470649213 -999.9 -999.9 -999.9 -999.9 -999.99
weather 2023 4 16 106 -1.2000000000000002 11.2 5.208241005826 -999.9 -999.9 -999.9 -999.9 -999.99
weather 2023 4 17 107 -2.5 15.7 5.219646054898378 -999.9 -999.9 -999.9 -999.9 -999.99
weather 2023 4 18 108 3.9 23.1 6.255004810899244 -999.9 -999.9 -999.9 -999.9 -999.99
weather 2023 4 19 109 8.4 16.5 4.544406796836464 -999.9 -999.9 -999.9 -999.9 -999.99
weather 2023 4 20 110 4.6000000000000005 18.4 5.337185227349393 -999.9 -999.9 -999.9 -999.9 -999.99
weather 2023 4 21 111 4.0 18.1 5.49616403806828 -999.9 -999.9 -999.9 -999.9 -999.99
weather 2023 4 22 112 6.5 22.1 5.019267950126001 -999.9 -999.9 -999.9 -999.9 -999.99
weather 2023 4 23 113 7.7 18.7 6.415193179568911 -999.9 -999.9 -999.9 -999.9 -999.99
weather 2023 4 24 114 -1.6 17.2 5.611818279379239 -999.9 -999.9 -999.9 -999.9 -999.99
weather 2023 4 25 115 3.2 21.6 5.357700502673949 -999.9 -999.9 -999.9 -999.9 -999.99
weather 2023 4 26 116 6.0 19.9 7.68690872173245 -999.9 -999.9 -999.9 -999.9 -999.99
weather 2023 4 27 117 3.8 13.4 10.022906630725696 -999.9 -999.9 -999.9 -999.9 -999.99
weather 2023 4 28 118 0.4 9.1 11.366739436105783 -999.9 -999.9 -999.9 -999.9 -999.99
weather 2023 4 29 119 0.3 8.8 4.841725680396722 -999.9 -999.9 -999.9 -999.9 -999.99
weather 2023 4 30 120 -1.9 9.9 6.7282597444924805 -999.9 -999.9 -999.9 -999.9 -999.99
weather 2023 10 1 274 6.6000000000000005 17.5 4.110188503984275 -999.9 -999.9 -999.9 -999.9 -999.99
weather 2023 10 2 275 1.2000000000000002 16.900000000000002 2.8789591716516547 -999.9 -999.9 -999.9 -999.9 -999.99
weather 2023 10 3 276 0.5 16.1 4.108720593285109 -999.9 -999.9 -999.9 -999.9 -999.99
weather 2023 10 4 277 4.9 21.1 2.5809097206503098 -999.9 -999.9 -999.9 -999.9 -999.99
weather 2023 10 5 278 6.4 21.4 2.742978151511139 -999.9 -999.9 -999.9 -999.9 -999.99
weather 2023 10 6 279 6.7 23.5 1.156182890856336 -999.9 -999.9 -999.9 -999.9 -999.99
weather 2023 10 7 280 8.5 24.6 1.0025594888186802 -999.9 -999.9 -999.9 -999.9 -999.99
weather 2023 10 8 281 9.2 23.1 1.94532387155486 -999.9 -999.9 -999.9 -999.9 -999.99
weather 2023 10 9 282 9.7 15.4 0.9698112518920552 -999.9 -999.9 -999.9 -999.9 -999.99
weather 2023 10 10 283 6.9 15.3 1.7913240884582384 -999.9 -999.9 -999.9 -999.9 -999.99
weather 2023 10 11 284 5.1000000000000005 19.9 1.479117922040554 -999.9 -999.9 -999.9 -999.9 -999.99
weather 2023 10 12 285 7.1000000000000005 13.6 4.205845443508404 -999.9 -999.9 -999.9 -999.9 -999.99
weather 2023 10 13 286 -0.6000000000000001 13.4 2.541559397165345 -999.9 -999.9 -999.9 -999.9 -999.99
weather 2023 10 14 287 3.1 21.700000000000003 2.468056483975066 -999.9 -999.9 -999.9 -999.9 -999.99
weather 2023 10 15 288 6.6000000000000005 25.9 1.3874350977412075 -999.9 -999.9 -999.9 -999.9 -999.99
weather 2023 10 16 289 8.0 21.8 2.8447731625450303 -999.9 -999.9 -999.9 -999.9 -999.99
weather 2023 10 17 290 4.800000000000001 19.8 3.6187369530537903 -999.9 -999.9 -999.9 -999.9 -999.99
weather 2023 10 18 291 5.4 19.9 1.8895914345731528 -999.9 -999.9 -999.9 -999.9 -999.99
weather 2023 10 19 292 7.800000000000001 21.1 2.1419670629882246 -999.9 -999.9 -999.9 -999.9 -999.99
weather 2023 10 20 293 6.4 22.3 2.288356027804207 -999.9 -999.9 -999.9 -999.9 -999.99
weather 2023 10 21 294 8.0 21.1 1.6936887833053762 -999.9 -999.9 -999.9 -999.9 -999.99
weather 2023 10 22 295 7.1000000000000005 17.900000000000002 2.041517976607744 -999.9 -999.9 -999.9 -999.9 -999.99
weather 2023 10 23 296 5.0 21.5 2.127264604903108 -999.9 -999.9 -999.9 -999.9 -999.99
weather 2023 10 24 297 9.4 24.700000000000003 2.897582031109223 -999.9 -999.9 -999.9 -999.9 -999.99
weather 2023 10 25 298 6.5 24.6 3.331126202879871 -999.9 -999.9 -999.9 -999.9 -999.99
weather 2023 10 26 299 9.4 22.0 3.2166005863960243 -999.9 -999.9 -999.9 -999.9 -999.99
weather 2023 10 27 300 3.0 13.7 1.6240367557026851 -999.9 -999.9 -999.9 -999.9 -999.99
weather 2023 10 28 301 -0.1 14.1 1.96772506878824 -999.9 -999.9 -999.9 -999.9 -999.99
weather 2023 10 29 302 1.5 18.2 3.65161526699691 -999.9 -999.9 -999.9 -999.9 -999.99
weather 2023 10 30 303 2.8000000000000003 16.1 2.3377825564346684 -999.9 -999.9 -999.9 -999.9 -999.99
weather 2023 10 31 304 1.2000000000000002 17.6 1.9666981247798343 -999.9 -999.9 -999.9 -999.9 -999.99
weather 2023 11 1 305 5.2 18.8 2.456364769238652 -999.9 -999.9 -999.9 -999.9 -999.99
weather 2023 11 2 306 5.7 20.700000000000003 3.8598012873301015 -999.9 -999.9 -999.9 -999.9 -999.99
weather 2023 11 3 307 5.1000000000000005 19.8 3.8398345983112567 -999.9 -999.9 -999.9 -999.9 -999.99
weather 2023 11 4 308 6.4 13.8 4.1604192898855645 -999.9 -999.9 -999.9 -999.9 -999.99
weather 2023 11 5 309 0.4 6.300000000000001 3.6901126644479225 -999.9 -999.9 -999.9 -999.9 -999.99
weather 2023 11 6 310 -2.3000000000000003 5.2 2.8054625350281697 -999.9 -999.9 -999.9 -999.9 -999.99
weather 2023 11 7 311 -5.4 11.6 3.6191005895234967 -999.9 -999.9 -999.9 -999.9 -999.99
weather 2023 11 8 312 -0.5 16.8 5.272480209965468 -999.9 -999.9 -999.9 -999.9 -999.99
weather 2023 11 9 313 -0.1 14.4 4.608802134441074 -999.9 -999.9 -999.9 -999.9 -999.99
weather 2023 11 10 314 0.7000000000000001 14.4 1.6423644178029555 -999.9 -999.9 -999.9 -999.9 -999.99
weather 2023 11 11 315 -2.2 6.6000000000000005 4.089428573682653 -999.9 -999.9 -999.9 -999.9 -999.99
weather 2023 11 12 316 -5.0 7.800000000000001 5.253760982073181 -999.9 -999.9 -999.9 -999.9 -999.99
weather 2023 11 13 317 -4.2 12.7 5.49218668304623 -999.9 -999.9 -999.9 -999.9 -999.99
weather 2023 11 14 318 -1.3 15.2 5.7752172059990885 -999.9 -999.9 -999.9 -999.9 -999.99
weather 2023 11 15 319 -0.2 14.0 5.720506461580477 -999.9 -999.9 -999.9 -999.9 -999.99
weather 2023 11 16 320 -0.1 10.1 7.42471047524322 -999.9 -999.9 -999.9 -999.9 -999.99
weather 2023 11 17 321 -3.2 3.9 6.103978218678707 -999.9 -999.9 -999.9 -999.9 -999.99
weather 2023 11 18 322 -1.7000000000000002 5.800000000000001 8.878633897625239 -999.9 -999.9 -999.9 -999.9 -999.99
weather 2023 11 19 323 -5.300000000000001 7.9 9.071689916118808 -999.9 -999.9 -999.9 -999.9 -999.99
weather 2023 11 20 324 -1.8 7.9 1.7619745647990677 -999.9 -999.9 -999.9 -999.9 -999.99
weather 2023 11 21 325 -10.6 5.0 5.124942120531464 -999.9 -999.9 -999.9 -999.9 -999.99
weather 2023 11 22 326 -2.9000000000000004 10.2 9.322813408273127 -999.9 -999.9 -999.9 -999.9 -999.99
weather 2023 11 23 327 -0.8 12.8 8.14467513005569 -999.9 -999.9 -999.9 -999.9 -999.99
weather 2023 11 24 328 -0.6000000000000001 11.6 8.052530306250851 -999.9 -999.9 -999.9 -999.9 -999.99
weather 2023 11 25 329 -1.3 7.5 9.47969470439015 -999.9 -999.9 -999.9 -999.9 -999.99
weather 2023 11 26 330 -5.5 -0.5 9.174573091616104 -999.9 -999.9 -999.9 -999.9 -999.99
weather 2023 11 27 331 -10.2 -1.5 6.425309122774147 -999.9 -999.9 -999.9 -999.9 -999.99
weather 2023 11 28 332 -9.8 1.8 5.719330367877044 -999.9 -999.9 -999.9 -999.9 -999.99
weather 2023 11 29 333 -9.2 1.4 6.473732362814308 -999.9 -999.9 -999.9 -999.9 -999.99
weather 2023 11 30 334 -7.5 -2.3000000000000003 9.127651035676092 -999.9 -999.9 -999.9 -999.9 -999.99
weather 2023 7 1 182 14.3 24.1 30.51752131172762 -999.9 -999.9 -999.9 -999.9 -999.99
weather 2023 7 2 183 13.7 23.700000000000003 20.96781988026545 -999.9 -999.9 -999.9 -999.9 -999.99
weather 2023 7 3 184 14.6 29.200000000000003 21.08371753145584 -999.9 -999.9 -999.9 -999.9 -999.99
weather 2023 7 4 185 14.7 30.8 12.109300920077366 -999.9 -999.9 -999.9 -999.9 -999.99
weather 2023 7 5 186 14.5 30.200000000000003 20.3160335730385 -999.9 -999.9 -999.9 -999.9 -999.99
weather 2023 7 6 187 13.0 33.2 30.14695411127592 -999.9 -999.9 -999.9 -999.9 -999.99
weather 2023 7 7 188 14.5 31.200000000000003 24.67488845155745 -999.9 -999.9 -999.9 -999.9 -999.99
weather 2023 7 8 189 14.4 33.0 26.629039864726245 -999.9 -999.9 -999.9 -999.9 -999.99
weather 2023 7 9 190 15.4 34.5 22.615933990800727 -999.9 -999.9 -999.9 -999.9 -999.99
weather 2023 7 10 191 18.7 35.1 23.17943535254449 -999.9 -999.9 -999.9 -999.9 -999.99
weather 2023 7 11 192 14.0 30.6 27.04340215982523 -999.9 -999.9 -999.9 -999.9 -999.99
weather 2023 7 12 193 12.1 31.6 27.905278861314688 -999.9 -999.9 -999.9 -999.9 -999.99
weather 2023 7 13 194 12.8 31.9 29.60039137990853 -999.9 -999.9 -999.9 -999.9 -999.99
weather 2023 7 14 195 13.6 30.5 20.47420328863576 -999.9 -999.9 -999.9 -999.9 -999.99
weather 2023 7 15 196 14.9 31.1 14.223039724177216 -999.9 -999.9 -999.9 -999.9 -999.99
weather 2023 7 16 197 14.0 33.5 6.907503754712157 -999.9 -999.9 -999.9 -999.9 -999.99
weather 2023 7 17 198 16.8 32.7 13.956465454824125 -999.9 -999.9 -999.9 -999.9 -999.99
weather 2023 7 18 199 16.0 32.2 20.512955874671555 -999.9 -999.9 -999.9 -999.9 -999.99
weather 2023 7 19 200 16.400000000000002 31.8 16.419630068186443 -999.9 -999.9 -999.9 -999.9 -999.99
weather 2023 7 20 201 16.7 32.4 13.184787118333457 -999.9 -999.9 -999.9 -999.9 -999.99
weather 2023 7 21 202 18.6 32.6 13.4797107950092 -999.9 -999.9 -999.9 -999.9 -999.99
weather 2023 7 22 203 18.9 32.2 13.925739135659477 -999.9 -999.9 -999.9 -999.9 -999.99
weather 2023 7 23 204 19.1 34.5 5.0407512893683615 -999.9 -999.9 -999.9 -999.9 -999.99
weather 2023 7 24 205 16.900000000000002 32.9 5.809889113252704 -999.9 -999.9 -999.9 -999.9 -999.99
weather 2023 7 25 206 14.9 34.4 14.171887567755515 -999.9 -999.9 -999.9 -999.9 -999.99
weather 2023 7 26 207 18.3 31.1 9.764960044805578 -999.9 -999.9 -999.9 -999.9 -999.99
weather 2023 7 27 208 16.1 32.9 8.043275089242316 -999.9 -999.9 -999.9 -999.9 -999.99
weather 2023 7 28 209 15.4 33.2 7.058710941393857 -999.9 -999.9 -999.9 -999.9 -999.99
weather 2023 7 29 210 14.0 30.3 15.276882294989235 -999.9 -999.9 -999.9 -999.9 -999.99
weather 2023 7 30 211 15.9 33.1 11.52714547022985 -999.9 -999.9 -999.9 -999.9 -999.99
weather 2023 7 31 212 17.400000000000002 32.0 13.651076820990076 -999.9 -999.9 -999.9 -999.9 -999.99
weather 2023 5 1 121 1.2000000000000002 15.2 4.396873949791784 -999.9 -999.9 -999.9 -999.9 -999.99
weather 2023 5 2 122 0.9 14.6 6.798337759118237 -999.9 -999.9 -999.9 -999.9 -999.99
weather 2023 5 3 123 1.5 13.0 10.082739102460904 -999.9 -999.9 -999.9 -999.9 -999.99
weather 2023 5 4 124 1.7000000000000002 20.700000000000003 9.679190231445329 -999.9 -999.9 -999.9 -999.9 -999.99
weather 2023 5 5 125 6.300000000000001 24.5 9.085949835706709 -999.9 -999.9 -999.9 -999.9 -999.99
weather 2023 5 6 126 8.6 28.1 7.095232707712724 -999.9 -999.9 -999.9 -999.9 -999.99
weather 2023 5 7 127 11.0 23.8 8.069971244274766 -999.9 -999.9 -999.9 -999.9 -999.99
weather 2023 5 8 128 7.7 21.8 7.353643151804389 -999.9 -999.9 -999.9 -999.9 -999.99
weather 2023 5 9 129 7.9 18.2 11.256243486554665 -999.9 -999.9 -999.9 -999.9 -999.99
weather 2023 5 10 130 8.200000000000001 14.8 8.35506659170808 -999.9 -999.9 -999.9 -999.9 -999.99
weather 2023 5 11 131 5.5 18.7 6.775272861725868 -999.9 -999.9 -999.9 -999.9 -999.99
weather 2023 5 12 132 6.6000000000000005 25.8 8.963428456695206 -999.9 -999.9 -999.9 -999.9 -999.99
weather 2023 5 13 133 9.6 27.3 16.347440262685588 -999.9 -999.9 -999.9 -999.9 -999.99
weather 2023 5 14 134 7.300000000000001 24.1 10.284142241155385 -999.9 -999.9 -999.9 -999.9 -999.99
weather 2023 5 15 135 8.5 25.700000000000003 14.941433735079343 -999.9 -999.9 -999.9 -999.9 -999.99
weather 2023 5 16 136 6.9 21.3 5.492279355467438 -999.9 -999.9 -999.9 -999.9 -999.99
weather 2023 5 17 137 5.0 19.200000000000003 7.704988996120779 -999.9 -999.9 -999.9 -999.9 -999.99
weather 2023 5 18 138 1.2000000000000002 11.9 15.177186490502509 -999.9 -999.9 -999.9 -999.9 -999.99
weather 2023 5 19 139 -6.2 5.5 13.918281815591143 -999.9 -999.9 -999.9 -999.9 -999.99
weather 2023 5 20 140 -2.4000000000000004 13.0 5.748651487114153 -999.9 -999.9 -999.9 -999.9 -999.99
weather 2023 5 21 141 0.8 16.5 16.6644652905457 -999.9 -999.9 -999.9 -999.9 -999.99
weather 2023 5 22 142 2.9000000000000004 17.5 23.78872870122004 -999.9 -999.9 -999.9 -999.9 -999.99
weather 2023 5 23 143 0.9 16.0 14.79789485008096 -999.9 -999.9 -999.9 -999.9 -999.99
weather 2023 5 24 144 4.7 25.1 12.0392014982814 -999.9 -999.9 -999.9 -999.9 -999.99
weather 2023 5 25 145 10.7 22.9 22.61122928967696 -999.9 -999.9 -999.9 -999.9 -999.99
weather 2023 5 26 146 5.9 22.3 21.225507889848945 -999.9 -999.9 -999.9 -999.9 -999.99
weather 2023 5 27 147 4.2 18.3 18.545591786697912 -999.9 -999.9 -999.9 -999.9 -999.99
weather 2023 5 28 148 3.2 19.700000000000003 22.622477922302423 -999.9 -999.9 -999.9 -999.9 -999.99
weather 2023 5 29 149 5.300000000000001 19.1 22.109397772940973 -999.9 -999.9 -999.9 -999.9 -999.99
weather 2023 5 30 150 6.5 23.4 31.184124567866476 -999.9 -999.9 -999.9 -999.9 -999.99
weather 2023 5 31 151 7.800000000000001 24.200000000000003 26.84829190446989 -999.9 -999.9 -999.9 -999.9 -999.99
weather 2023 6 1 152 9.5 25.1 9.65515604309043 -999.9 -999.9 -999.9 -999.9 -999.99
weather 2023 6 2 153 10.2 23.1 20.34665827564386 -999.9 -999.9 -999.9 -999.9 -999.99
weather 2023 6 3 154 9.0 23.8 9.195189366189696 -999.9 -999.9 -999.9 -999.9 -999.99
weather 2023 6 4 155 9.1 27.200000000000003 27.06703376807152 -999.9 -999.9 -999.9 -999.9 -999.99
weather 2023 6 5 156 11.8 27.5 22.50789117291732 -999.9 -999.9 -999.9 -999.9 -999.99
weather 2023 6 6 157 12.6 25.3 23.215035225144227 -999.9 -999.9 -999.9 -999.9 -999.99
weather 2023 6 7 158 11.7 26.0 17.984374150448406 -999.9 -999.9 -999.9 -999.9 -999.99
weather 2023 6 8 159 12.1 28.4 25.34338702259077 -999.9 -999.9 -999.9 -999.9 -999.99
weather 2023 6 9 160 12.9 31.1 23.34880106830599 -999.9 -999.9 -999.9 -999.9 -999.99
weather 2023 6 10 161 14.5 33.1 21.30205152711035 -999.9 -999.9 -999.9 -999.9 -999.99
weather 2023 6 11 162 13.7 27.9 27.394136700372183 -999.9 -999.9 -999.9 -999.9 -999.99
weather 2023 6 12 163 11.7 31.200000000000003 23.562474062191825 -999.9 -999.9 -999.9 -999.9 -999.99
weather 2023 6 13 164 8.1 26.6 16.37762016209618 -999.9 -999.9 -999.9 -999.9 -999.99
weather 2023 6 14 165 8.700000000000001 28.4 10.977409331846305 -999.9 -999.9 -999.9 -999.9 -999.99
weather 2023 6 15 166 9.9 30.3 25.700643251742903 -999.9 -999.9 -999.9 -999.9 -999.99
weather 2023 6 16 167 12.2 31.200000000000003 19.280154360553595 -999.9 -999.9 -999.9 -999.9 -999.99
weather 2023 6 17 168 15.4 30.200000000000003 25.95743779215239 -999.9 -999.9 -999.9 -999.9 -999.99
weather 2023 6 18 169 12.7 29.1 18.87753032170144 -999.9 -999.9 -999.9 -999.9 -999.99
weather 2023 6 19 170 10.9 30.3 7.353496657866851 -999.9 -999.9 -999.9 -999.9 -999.99
weather 2023 6 20 171 14.1 34.300000000000004 25.94482894789161 -999.9 -999.9 -999.9 -999.9 -999.99
weather 2023 6 21 172 17.400000000000002 34.0 21.61033691649111 -999.9 -999.9 -999.9 -999.9 -999.99
weather 2023 6 22 173 17.900000000000002 33.4 24.398048639777212 -999.9 -999.9 -999.9 -999.9 -999.99
weather 2023 6 23 174 10.7 25.3 29.42129398337316 -999.9 -999.9 -999.9 -999.9 -999.99
weather 2023 6 24 175 9.1 26.200000000000003 24.975078935371503 -999.9 -999.9 -999.9 -999.9 -999.99
weather 2023 6 25 176 8.8 26.5 20.016175652291192 -999.9 -999.9 -999.9 -999.9 -999.99
weather 2023 6 26 177 11.1 30.700000000000003 10.91848706957767 -999.9 -999.9 -999.9 -999.9 -999.99
weather 2023 6 27 178 14.8 33.6 21.962206752502716 -999.9 -999.9 -999.9 -999.9 -999.99
weather 2023 6 28 179 13.8 30.8 26.271810669656507 -999.9 -999.9 -999.9 -999.9 -999.99
weather 2023 6 29 180 13.1 29.200000000000003 19.41244629981298 -999.9 -999.9 -999.9 -999.9 -999.99
weather 2023 6 30 181 10.5 24.9 22.43136218254304 -999.9 -999.9 -999.9 -999.9 -999.99
weather 2023 12 1 335 2.1 14.1 5.256713797278198 -999.9 -999.9 -999.9 -999.9 -999.99
weather 2023 12 2 336 0.7000000000000001 14.4 7.284272127799035 -999.9 -999.9 -999.9 -999.9 -999.99
weather 2023 12 3 337 2.9000000000000004 15.3 6.990223776390696 -999.9 -999.9 -999.9 -999.9 -999.99
weather 2023 12 4 338 -3.2 7.0 7.320634835306402 -999.9 -999.9 -999.9 -999.9 -999.99
weather 2023 12 5 339 -6.2 6.800000000000001 3.2547875524554826 -999.9 -999.9 -999.9 -999.9 -999.99
weather 2023 12 6 340 -5.6000000000000005 0.5 2.2750166224720467 -999.9 -999.9 -999.9 -999.9 -999.99
weather 2023 12 7 341 -9.1 -0.1 7.718004343364085 -999.9 -999.9 -999.9 -999.9 -999.99
weather 2023 12 8 342 -1.3 8.0 3.624935662865672 -999.9 -999.9 -999.9 -999.9 -999.99
weather 2023 12 9 343 -0.9 11.1 2.8742433489963357 -999.9 -999.9 -999.9 -999.9 -999.99
weather 2023 12 10 344 -1.8 11.8 4.838816540057915 -999.9 -999.9 -999.9 -999.9 -999.99
weather 2023 12 11 345 0.5 12.2 4.216822233832242 -999.9 -999.9 -999.9 -999.9 -999.99
weather 2023 12 12 346 -0.5 15.1 7.190626586888856 -999.9 -999.9 -999.9 -999.9 -999.99
weather 2023 12 13 347 0.9 10.5 5.850568915676822 -999.9 -999.9 -999.9 -999.9 -999.99
weather 2023 12 14 348 -3.3000000000000003 2.9000000000000004 7.226258960211485 -999.9 -999.9 -999.9 -999.9 -999.99
weather 2023 12 15 349 -5.9 10.3 7.646121709278575 -999.9 -999.9 -999.9 -999.9 -999.99
weather 2023 12 16 350 1.0 7.2 1.726441797978573 -999.9 -999.9 -999.9 -999.9 -999.99
weather 2023 12 17 351 -3.8 6.4 2.990535526066477 -999.9 -999.9 -999.9 -999.9 -999.99
weather 2023 12 18 352 -2.8000000000000003 10.4 4.2404151600874025 -999.9 -999.9 -999.9 -999.9 -999.99
weather 2023 12 19 353 -1.1 10.0 2.649432615009462 -999.9 -999.9 -999.9 -999.9 -999.99
weather 2023 12 20 354 -999.9 13.5 2.851704145681768 -999.9 -999.9 -999.9 -999.9 -999.99
weather 2023 12 21 355 -6.800000000000001 3.1 2.563771935217777 -999.9 -999.9 -999.9 -999.9 -999.99
weather 2023 12 22 356 -7.2 4.0 6.4115269466410565 -999.9 -999.9 -999.9 -999.9 -999.99
weather 2023 12 23 357 -5.300000000000001 4.5 5.554090188203121 -999.9 -999.9 -999.9 -999.9 -999.99
weather 2023 12 24 358 -11.2 0.5 6.004596601466218 -999.9 -999.9 -999.9 -999.9 -999.99
weather 2023 12 25 359 -4.4 1.9 5.2294478562585 -999.9 -999.9 -999.9 -999.9 -999.99
weather 2023 12 26 360 -8.9 -0.7000000000000001 3.25405960272352 -999.9 -999.9 -999.9 -999.9 -999.99
weather 2023 12 27 361 -8.9 6.0 5.50058116452547 -999.9 -999.9 -999.9 -999.9 -999.99
weather 2023 12 28 362 -1.5 6.7 5.298443527893735 -999.9 -999.9 -999.9 -999.9 -999.99
weather 2023 12 29 363 -1.7000000000000002 9.7 3.832305351519178 -999.9 -999.9 -999.9 -999.9 -999.99
weather 2023 12 30 364 -3.2 10.6 3.791474040102916 -999.9 -999.9 -999.9 -999.9 -999.99
weather 2023 12 31 365 -5.4 2.3000000000000003 4.401487467200713 -999.9 -999.9 -999.9 -999.9 -999.99
weather 2023 2 1 32 -3.6 10.1 5.018103103755666 -999.9 -999.9 -999.9 -999.9 -999.99
weather 2023 2 2 33 -2.2 10.6 4.5159690363115335 -999.9 -999.9 -999.9 -999.9 -999.99
weather 2023 2 3 34 1.2000000000000002 10.8 3.1695971369447067 -999.9 -999.9 -999.9 -999.9 -999.99
weather 2023 2 4 35 -1.3 10.6 3.6668408931281857 -999.9 -999.9 -999.9 -999.9 -999.99
weather 2023 2 5 36 -2.5 7.2 3.4789393339495973 -999.9 -999.9 -999.9 -999.9 -999.99
weather 2023 2 6 37 -6.6000000000000005 0.5 2.809106476986857 -999.9 -999.9 -999.9 -999.9 -999.99
weather 2023 2 7 38 -15.2 -5.300000000000001 1.8985923362158117 -999.9 -999.9 -999.9 -999.9 -999.99
weather 2023 2 8 39 -13.0 3.7 1.857780877040966 -999.9 -999.9 -999.9 -999.9 -999.99
weather 2023 2 9 40 -7.6 7.1000000000000005 2.453843760321699 -999.9 -999.9 -999.9 -999.9 -999.99
weather 2023 2 10 41 -7.800000000000001 5.7 3.812016065897548 -999.9 -999.9 -999.9 -999.9 -999.99
weather 2023 2 11 42 -7.300000000000001 0.3 3.419828125109861 -999.9 -999.9 -999.9 -999.9 -999.99
weather 2023 2 12 43 -8.200000000000001 4.4 3.11038126146433 -999.9 -999.9 -999.9 -999.9 -999.99
weather 2023 2 13 44 -4.9 8.3 2.162029939065732 -999.9 -999.9 -999.9 -999.9 -999.99
weather 2023 2 14 45 0.9 9.9 3.113248524044077 -999.9 -999.9 -999.9 -999.9 -999.99
weather 2023 2 15 46 -1.4 8.700000000000001 2.6122027700397203 -999.9 -999.9 -999.9 -999.9 -999.99
weather 2023 2 16 47 -4.0 2.6 3.275752852857723 -999.9 -999.9 -999.9 -999.9 -999.99
weather 2023 2 17 48 -9.4 -0.9 2.8052461688477925 -999.9 -999.9 -999.9 -999.9 -999.99
weather 2023 2 18 49 -11.8 -1.7000000000000002 3.107503071312089 -999.9 -999.9 -999.9 -999.9 -999.99
weather 2023 2 19 50 -11.6 -3.9 1.50975495222692 -999.9 -999.9 -999.9 -999.9 -999.99
weather 2023 2 20 51 -14.3 -2.7 1.223653324036858 -999.9 -999.9 -999.9 -999.9 -999.99
weather 2023 2 21 52 -10.7 -0.8 2.236779008897262 -999.9 -999.9 -999.9 -999.9 -999.99
weather 2023 2 22 53 -8.5 2.8000000000000003 1.9663665771190972 -999.9 -999.9 -999.9 -999.9 -999.99
weather 2023 2 23 54 -8.200000000000001 -1.0 1.6065567091555075 -999.9 -999.9 -999.9 -999.9 -999.99
weather 2023 2 24 55 -10.4 2.6 3.0033872500386805 -999.9 -999.9 -999.9 -999.9 -999.99
weather 2023 2 25 56 -7.2 7.1000000000000005 1.1448257122126335 -999.9 -999.9 -999.9 -999.9 -999.99
weather 2023 2 26 57 -5.300000000000001 10.4 3.816414187381021 -999.9 -999.9 -999.9 -999.9 -999.99
weather 2023 2 27 58 -4.9 8.6 2.566221590781526 -999.9 -999.9 -999.9 -999.9 -999.99
weather 2023 2 28 59 -2.2 9.4 3.962228044002695 -999.9 -999.9 -999.9 -999.9 -999.99
weather 2023 1 1 1 -13.1 -5.0 4.120983005199993 -999.9 -999.9 -999.9 -999.9 -999.99
weather 2023 1 2 2 -16.2 2.8000000000000003 3.768191174944428 -999.9 -999.9 -999.9 -999.9 -999.99
weather 2023 1 3 3 -6.2 6.2 6.332014827126211 -999.9 -999.9 -999.9 -999.9 -999.99
weather 2023 1 4 4 -5.1000000000000005 4.0 4.033973815426639 -999.9 -999.9 -999.9 -999.9 -999.99
weather 2023 1 5 5 -5.7 3.5 7.2529154720651805 -999.9 -999.9 -999.9 -999.9 -999.99
weather 2023 1 6 6 -11.2 2.3000000000000003 8.678098112958331 -999.9 -999.9 -999.9 -999.9 -999.99
weather 2023 1 7 7 -0.9 8.200000000000001 9.15617267522701 -999.9 -999.9 -999.9 -999.9 -999.99
weather 2023 1 8 8 -1.9 4.3 3.3909684516690595 -999.9 -999.9 -999.9 -999.9 -999.99
weather 2023 1 9 9 -9.7 2.3000000000000003 9.28421191083521 -999.9 -999.9 -999.9 -999.9 -999.99
weather 2023 1 10 10 -6.300000000000001 8.700000000000001 9.146275579900506 -999.9 -999.9 -999.9 -999.9 -999.99
weather 2023 1 11 11 -2.3000000000000003 8.4 4.763047035767488 -999.9 -999.9 -999.9 -999.9 -999.99
weather 2023 1 12 12 -3.4000000000000004 8.9 4.169088980374909 -999.9 -999.9 -999.9 -999.9 -999.99
weather 2023 1 13 13 0.3 13.0 3.7123250309977114 -999.9 -999.9 -999.9 -999.9 -999.99
weather 2023 1 14 14 -2.4000000000000004 3.6 3.8217890489012634 -999.9 -999.9 -999.9 -999.9 -999.99
weather 2023 1 15 15 -7.800000000000001 7.2 5.872996330654462 -999.9 -999.9 -999.9 -999.9 -999.99
weather 2023 1 16 16 -1.7000000000000002 8.9 6.739865317953182 -999.9 -999.9 -999.9 -999.9 -999.99
weather 2023 1 17 17 -3.8 10.9 9.754576884560628 -999.9 -999.9 -999.9 -999.9 -999.99
weather 2023 1 18 18 -1.1 8.1 8.958456325332863 -999.9 -999.9 -999.9 -999.9 -999.99
weather 2023 1 19 19 -5.300000000000001 -0.3 9.956653759167382 -999.9 -999.9 -999.9 -999.9 -999.99
weather 2023 1 20 20 -8.700000000000001 3.4000000000000004 6.804126183161252 -999.9 -999.9 -999.9 -999.9 -999.99
weather 2023 1 21 21 -4.2 1.4 3.05345259147317 -999.9 -999.9 -999.9 -999.9 -999.99
weather 2023 1 22 22 -8.200000000000001 4.800000000000001 5.379212919324778 -999.9 -999.9 -999.9 -999.9 -999.99
weather 2023 1 23 23 -4.4 7.9 7.859366576876904 -999.9 -999.9 -999.9 -999.9 -999.99
weather 2023 1 24 24 -4.2 5.4 1.9689794308160944 -999.9 -999.9 -999.9 -999.9 -999.99
weather 2023 1 25 25 -5.9 -0.9 4.625647528798743 -999.9 -999.9 -999.9 -999.9 -999.99
weather 2023 1 26 26 -11.5 2.0 6.367140151332889 -999.9 -999.9 -999.9 -999.9 -999.99
weather 2023 1 27 27 -8.200000000000001 -4.0 5.862371423128081 -999.9 -999.9 -999.9 -999.9 -999.99
weather 2023 1 28 28 -11.2 4.4 5.875321983553626 -999.9 -999.9 -999.9 -999.9 -999.99
weather 2023 1 29 29 -3.7 9.6 5.284668819354929 -999.9 -999.9 -999.9 -999.9 -999.99
weather 2023 1 30 30 -4.4 10.9 2.6904475836840414 -999.9 -999.9 -999.9 -999.9 -999.99
weather 2023 1 31 31 -3.4000000000000004 8.1 5.112827763018528 -999.9 -999.9 -999.9 -999.9 -999.99
weather 2023 3 1 60 0.4 17.2 1.4060867994165145 -999.9 -999.9 -999.9 -999.9 -999.99
weather 2023 3 2 61 2.3000000000000003 18.7 1.476847600095893 -999.9 -999.9 -999.9 -999.9 -999.99
weather 2023 3 3 62 3.0 19.9 1.4405567260508865 -999.9 -999.9 -999.9 -999.9 -999.99
weather 2023 3 4 63 2.3000000000000003 13.8 3.5580149196701965 -999.9 -999.9 -999.9 -999.9 -999.99
weather 2023 3 5 64 -1.3 7.800000000000001 1.897985624635176 -999.9 -999.9 -999.9 -999.9 -999.99
weather 2023 3 6 65 -6.6000000000000005 -1.7000000000000002 2.0312443003689773 -999.9 -999.9 -999.9 -999.9 -999.99
weather 2023 3 7 66 -10.3 -0.4 2.8324116788258094 -999.9 -999.9 -999.9 -999.9 -999.99
weather 2023 3 8 67 -12.0 1.2000000000000002 3.959119058777442 -999.9 -999.9 -999.9 -999.9 -999.99
weather 2023 3 9 68 -9.2 -0.8 2.3954474613148693 -999.9 -999.9 -999.9 -999.9 -999.99
weather 2023 3 10 69 -13.8 -3.5 3.682736734027479 -999.9 -999.9 -999.9 -999.9 -999.99
weather 2023 3 11 70 -15.5 -0.9 1.595694677645043 -999.9 -999.9 -999.9 -999.9 -999.99
weather 2023 3 12 71 -6.300000000000001 9.2 1.0961489545928829 -999.9 -999.9 -999.9 -999.9 -999.99
weather 2023 3 13 72 -1.7000000000000002 13.3 1.1026412750162542 -999.9 -999.9 -999.9 -999.9 -999.99
weather 2023 3 14 73 -2.5 10.1 1.1277917035369684 -999.9 -999.9 -999.9 -999.9 -999.99
weather 2023 3 15 74 -2.1 16.400000000000002 1.052655828033527 -999.9 -999.9 -999.9 -999.9 -999.99
weather 2023 3 16 75 1.8 8.9 2.721330809877033 -999.9 -999.9 -999.9 -999.9 -999.99
weather 2023 3 17 76 -2.6 3.4000000000000004 2.321275823970224 -999.9 -999.9 -999.9 -999.9 -999.99
weather 2023 3 18 77 -9.9 6.9 2.286202771664031 -999.9 -999.9 -999.9 -999.9 -999.99
weather 2023 3 19 78 -5.4 11.9 3.746894512812035 -999.9 -999.9 -999.9 -999.9 -999.99
weather 2023 3 20 79 0.2 13.5 4.450169609925314 -999.9 -999.9 -999.9 -999.9 -999.99
weather 2023 3 21 80 -2.9000000000000004 7.2 4.067174359108369 -999.9 -999.9 -999.9 -999.9 -999.99
weather 2023 3 22 81 -6.5 3.4000000000000004 4.2161348197444415 -999.9 -999.9 -999.9 -999.9 -999.99
weather 2023 3 23 82 -3.5 8.9 3.520128549409458 -999.9 -999.9 -999.9 -999.9 -999.99
weather 2023 3 24 83 -1.8 15.5 1.080168469012938 -999.9 -999.9 -999.9 -999.9 -999.99
weather 2023 3 25 84 -1.1 15.9 1.2040031776278448 -999.9 -999.9 -999.9 -999.9 -999.99
weather 2023 3 26 85 3.3000000000000003 20.8 2.1844479164516453 -999.9 -999.9 -999.9 -999.9 -999.99
weather 2023 3 27 86 4.3 21.9 1.999824267942037 -999.9 -999.9 -999.9 -999.9 -999.99
weather 2023 3 28 87 6.0 22.3 2.378892452300092 -999.9 -999.9 -999.9 -999.9 -999.99
weather 2023 3 29 88 4.9 15.5 2.8703516117761265 -999.9 -999.9 -999.9 -999.9 -999.99
weather 2023 3 30 89 -4.800000000000001 6.7 2.4993868396456627 -999.9 -999.9 -999.9 -999.9 -999.99
weather 2023 3 31 90 -3.5 14.8 1.7157687560482593 -999.9 -999.9 -999.9 -999.9 -999.99
weather 2023 9 1 244 13.5 32.1 4.927397469511748 -999.9 -999.9 -999.9 -999.9 -999.99
weather 2023 9 2 245 16.2 32.9 2.26752202806764 -999.9 -999.9 -999.9 -999.9 -999.99
weather 2023 9 3 246 12.6 31.0 3.641548811244781 -999.9 -999.9 -999.9 -999.9 -999.99
weather 2023 9 4 247 14.5 33.6 3.113798562046419 -999.9 -999.9 -999.9 -999.9 -999.99
weather 2023 9 5 248 17.1 34.5 2.145243005615821 -999.9 -999.9 -999.9 -999.9 -999.99
weather 2023 9 6 249 18.7 35.1 3.5921000219775334 -999.9 -999.9 -999.9 -999.9 -999.99
weather 2023 9 7 250 17.7 34.9 3.2874711753268118 -999.9 -999.9 -999.9 -999.9 -999.99
weather 2023 9 8 251 16.6 35.0 3.9880348610646816 -999.9 -999.9 -999.9 -999.9 -999.99
weather 2023 9 9 252 13.9 26.6 4.376782190592783 -999.9 -999.9 -999.9 -999.9 -999.99
weather 2023 9 10 253 9.3 19.9 4.937711379702001 -999.9 -999.9 -999.9 -999.9 -999.99
weather 2023 9 11 254 5.7 27.0 3.996560936361628 -999.9 -999.9 -999.9 -999.9 -999.99
weather 2023 9 12 255 9.3 29.9 4.270323040024862 -999.9 -999.9 -999.9 -999.9 -999.99
weather 2023 9 13 256 11.4 29.200000000000003 3.9797127588444456 -999.9 -999.9 -999.9 -999.9 -999.99
weather 2023 9 14 257 14.5 24.3 1.4871994806875624 -999.9 -999.9 -999.9 -999.9 -999.99
weather 2023 9 15 258 10.9 24.1 1.600790964719205 -999.9 -999.9 -999.9 -999.9 -999.99
weather 2023 9 16 259 9.3 26.3 1.5824484908006935 -999.9 -999.9 -999.9 -999.9 -999.99
weather 2023 9 17 260 10.2 27.3 4.183637793593651 -999.9 -999.9 -999.9 -999.9 -999.99
weather 2023 9 18 261 9.8 29.6 3.8391822763537418 -999.9 -999.9 -999.9 -999.9 -999.99
weather 2023 9 19 262 12.1 30.5 1.307994676349716 -999.9 -999.9 -999.9 -999.9 -999.99
weather 2023 9 20 263 12.6 30.6 1.2936687737004489 -999.9 -999.9 -999.9 -999.9 -999.99
weather 2023 9 21 264 13.0 23.1 1.9846200052846044 -999.9 -999.9 -999.9 -999.9 -999.99
weather 2023 9 22 265 9.8 22.200000000000003 1.487269329373081 -999.9 -999.9 -999.9 -999.9 -999.99
weather 2023 9 23 266 10.3 25.700000000000003 1.36642939909309 -999.9 -999.9 -999.9 -999.9 -999.99
weather 2023 9 24 267 7.800000000000001 26.6 1.7993075350989456 -999.9 -999.9 -999.9 -999.9 -999.99
weather 2023 9 25 268 8.200000000000001 25.1 3.491100113593932 -999.9 -999.9 -999.9 -999.9 -999.99
weather 2023 9 26 269 8.4 27.0 2.546214587553345 -999.9 -999.9 -999.9 -999.9 -999.99
weather 2023 9 27 270 9.3 25.4 3.7802571093636246 -999.9 -999.9 -999.9 -999.9 -999.99
weather 2023 9 28 271 10.1 27.700000000000003 3.627476256752696 -999.9 -999.9 -999.9 -999.9 -999.99
weather 2023 9 29 272 13.6 26.0 1.8284357775882536 -999.9 -999.9 -999.9 -999.9 -999.99
weather 2023 9 30 273 11.7 22.5 1.584297974887504 -999.9 -999.9 -999.9 -999.9 -999.99
weather 2023 8 1 213 15.7 30.200000000000003 7.436892201211182 -999.9 -999.9 1.8125 22.345833333333335 -999.99
weather 2023 8 2 214 16.1 28.9 10.255386380747456 -999.9 -999.9 1.7249999999999999 22.125 -999.99
weather 2023 8 3 215 14.9 30.0 12.125084307573784 -999.9 -999.9 1.2041666666666668 22.1125 -999.99
weather 2023 8 4 216 13.5 30.6 8.456749657974017 -999.9 -999.9 1.125 21.59166666666667 -999.99
weather 2023 8 5 217 14.8 28.3 9.096037957008228 -999.9 -999.9 1.0958333333333334 21.3875 -999.99
weather 2023 8 6 218 11.1 25.200000000000003 5.904029464633218 -999.9 -999.9 1.8541666666666667 18.25 -999.99
weather 2023 8 7 219 12.3 29.200000000000003 9.425186391669094 -999.9 -999.9 1.8708333333333333 19.666666666666668 -999.99
weather 2023 8 8 220 12.3 29.4 7.87005214050982 -999.9 -999.9 1.3875000000000002 20.51666666666667 -999.99
weather 2023 8 9 221 11.9 28.4 5.605483859747213 -999.9 -999.9 1.7666666666666668 19.733333333333334 -999.99
weather 2023 8 10 222 15.4 31.1 8.152593807253462 -999.9 -999.9 1.7791666666666668 22.25 -999.99
weather 2023 8 11 223 16.5 28.700000000000003 6.995440260940962 -999.9 -999.9 1.679166666666667 22.325000000000003 -999.99
weather 2023 8 12 224 17.400000000000002 25.9 8.997529645287866 -999.9 -999.9 1.8375000000000001 21.55 -999.99
weather 2023 8 13 225 15.8 24.3 6.2340533137992855 -999.9 -999.9 2.504166666666667 20.191666666666666 -999.99
weather 2023 8 14 226 10.5 27.5 7.295564126020092 -999.9 -999.9 1.6000000000000003 18.25 -999.99
weather 2023 8 15 227 12.7 32.800000000000004 6.769337670220287 -999.9 -999.9 1.9208333333333334 21.333333333333332 -999.99
weather 2023 8 16 228 16.400000000000002 32.1 8.068453448600186 -999.9 -999.9 2.1958333333333333 23.729166666666668 -999.99
weather 2023 8 17 229 14.7 33.5 4.954947120258255 -999.9 -999.9 2.004166666666667 23.695833333333336 -999.99
weather 2023 8 18 230 18.6 32.6 5.439647689278883 -999.9 -999.9 2.8833333333333333 24.9875 -999.99
weather 2023 8 19 231 16.8 34.5 4.889035540134602 -999.9 -999.9 2.654166666666667 24.770833333333332 -999.99
weather 2023 8 20 232 13.9 33.9 5.868116760569293 -999.9 -999.9 2.3833333333333333 23.712500000000002 -999.99
weather 2023 8 21 233 17.400000000000002 35.7 5.616391433372092 -999.9 -999.9 3.6333333333333333 25.754166666666666 -999.99
weather 2023 8 22 234 18.6 33.7 3.9290443204306382 -999.9 -999.9 3.045833333333334 25.92916666666667 -999.99
weather 2023 8 23 235 17.1 32.4 4.732290142322001 -999.9 -999.9 2.3708333333333336 24.65833333333333 -999.99
weather 2023 8 24 236 17.2 30.8 4.158318286004583 -999.9 -999.9 1.7583333333333335 23.745833333333334 -999.99
weather 2023 8 25 237 16.6 24.8 5.646333502294078 -999.9 -999.9 1.9208333333333334 20.195833333333336 -999.99
weather 2023 8 26 238 13.3 26.1 4.772334484010734 -999.9 -999.9 1.9708333333333334 18.370833333333334 -999.99
weather 2023 8 27 239 14.8 29.200000000000003 4.567429006245201 -999.9 -999.9 1.7041666666666668 21.279166666666665 -999.99
weather 2023 8 28 240 14.2 27.3 5.268636733571712 -999.9 -999.9 2.1708333333333334 19.875 -999.99
weather 2023 8 29 241 12.2 27.9 4.756670371069105 -999.9 -999.9 1.5666666666666667 19.3875 -999.99
weather 2023 8 30 242 13.3 33.4 4.327635293493201 -999.9 -999.9 1.7583333333333335 22.004166666666666 -999.99
weather 2023 8 31 243 14.3 33.800000000000004 4.800311622308033 -999.9 -999.9 1.8875000000000002 23.979166666666668 -999.99
