weather 2023 4 1 91 -2.4000000000000004 12.1 21.46190670100241 -999.9 -999.9 -999.9 -999.9 -999.99
weather 2023 4 2 92 -4.0 11.0 24.79305884980967 -999.9 -999.9 -999.9 -999.9 -999.99
weather 2023 4 3 93 -2.5 5.7 7.953252477477381 -999.9 -999.9 -999.9 -999.9 -999.99
weather 2023 4 4 94 -7.6 8.6 12.061081509449108 -999.9 -999.9 -999.9 -999.9 -999.99
weather 2023 4 5 95 -2.7 9.4 11.23667274676048 -999.9 -999.9 -999.9 -999.9 -999.99
weather 2023 4 6 96 -0.8 8.700000000000001 16.31927096734029 -999.9 -999.9 -999.9 -999.9 -999.99
weather 2023 4 7 97 -1.5 8.6 14.62455243980917 -999.9 -999.9 -999.9 -999.9 -999.99
weather 2023 4 8 98 0.1 15.8 19.336888351814967 -999.9 -999.9 -999.9 -999.9 -999.99
weather 2023 4 9 99 3.9 18.9 19.309149370743786 -999.9 -999.9 -999.9 -999.9 -999.99
weather 2023 4 10 100 3.0 17.8 16.434626484416835 -999.9 -999.9 -999.9 -999.9 -999.99
weather 2023 4 11 101 3.7 21.200000000000003 18.73350553860041 -999.9 -999.9 -999.9 -999.9 -999.99
weather 2023 4 12 102 6.0 19.1 18.043033578248487 -999.9 -999.9 -999.9 -999.9 -999.99
weather 2023 4 13 103 -2.5 12.8 17.83747528662307 -999.9 -999.9 -999.9 -999.9 -999.99
weather 2023 4 14 104 -9.0 5.300000000000001 11.355660654721197 -999.9 -999.9 -999.9 -999.9 -999.99
weather 2023 4 15 105 -4.3 13.7 14.61275601017526 -999.9 -999.9 -999.9 -999.9 -999.99
weather 2023 4 16 106 -1.2000000000000002 11.2 14.06269128453916 -999.9 -999.9 -999.9 -999.9 -999.99
weather 2023 4 17 107 -2.5 15.7 17.30587742411549 -999.9 -999.9 -999.9 -999.9 -999.99
weather 2023 4 18 108 3.9 23.1 9.01031682977667 -999.9 -999.9 -999.9 -999.9 -999.99
weather 2023 4 19 109 8.4 16.5 10.150616281720955 -999.9 -999.9 -999.9 -999.9 -999.99
weather 2023 4 20 110 4.6000000000000005 18.4 16.815472478660794 -999.9 -999.9 -999.9 -999.9 -999.99
weather 2023 4 21 111 4.0 18.1 15.75567849878946 -999.9 -999.9 -999.9 -999.9 -999.99
weather 2023 4 22 112 6.5 22.1 3.521166128086487 -999.9 -999.9 -999.9 -999.9 -999.99
weather 2023 4 23 113 7.7 18.7 15.962583531634776 -999.9 -999.9 -999.9 -999.9 -999.99
weather 2023 4 24 114 -1.6 17.2 15.024815945976211 -999.9 -999.9 -999.9 -999.9 -999.99
weather 2023 4 25 115 3.2 21.6 14.807756663974608 -999.9 -999.9 -999.9 -999.9 -999.99
weather 2023 4 26 116 6.0 19.9 14.697654484237251 -999.9 -999.9 -999.9 -999.9 -999.99
weather 2023 4 27 117 3.8 13.4 8.906827116745154 -999.9 -999.9 -999.9 -999.9 -999.99
weather 2023 4 28 118 0.4 9.1 9.438125833731624 -999.9 -999.9 -999.9 -999.9 -999.99
weather 2023 4 29 119 0.3 8.8 2.43 -999.9 -999.9 -999.9 -999.9 -999.99
weather 2023 4 30 120 -1.9 9.9 3.0925064418571733 -999.9 -999.9 -999.9 -999.9 -999.99
weather 2023 10 1 274 6.6000000000000005 17.5 18.889875853634443 -999.9 -999.9 -999.9 -999.9 -999.99
weather 2023 10 2 275 1.2000000000000002 16.900000000000002 23.710430310512404 -999.9 -999.9 -999.9 -999.9 -999.99
weather 2023 10 3 276 0.5 16.1 14.377438388803396 -999.9 -999.9 -999.9 -999.9 -999.99
weather 2023 10 4 277 4.9 21.1 6.632093875257782 -999.9 -999.9 -999.9 -999.9 -999.99
weather 2023 10 5 278 6.4 21.4 22.56397618729044 -999.9 -999.9 -999.9 -999.9 -999.99
weather 2023 10 6 279 6.7 23.5 17.471553483655203 -999.9 -999.9 -999.9 -999.9 -999.99
weather 2023 10 7 280 8.5 24.6 21.422741506857932 -999.9 -999.9 -999.9 -999.9 -999.99
weather 2023 10 8 281 9.2 23.1 14.23789516742028 -999.9 -999.9 -999.9 -999.9 -999.99
weather 2023 10 9 282 9.7 15.4 17.02461297346075 -999.9 -999.9 -999.9 -999.9 -999.99
weather 2023 10 10 283 6.9 15.3 5.955127655886554 -999.9 -999.9 -999.9 -999.9 -999.99
weather 2023 10 11 284 5.1000000000000005 19.9 21.496196280758078 -999.9 -999.9 -999.9 -999.9 -999.99
weather 2023 10 12 285 7.1000000000000005 13.6 26.54725976117683 -999.9 -999.9 -999.9 -999.9 -999.99
weather 2023 10 13 286 -0.6000000000000001 13.4 19.239841317163936 -999.9 -999.9 -999.9 -999.9 -999.99
weather 2023 10 14 287 3.1 21.700000000000003 27.26413110411647 -999.9 -999.9 -999.9 -999.9 -999.99
weather 2023 10 15 288 6.6000000000000005 25.9 22.63923283650408 -999.9 -999.9 -999.9 -999.9 -999.99
weather 2023 10 16 289 8.0 21.8 27.213160318542208 -999.9 -999.9 -999.9 -999.9 -999.99
weather 2023 10 17 290 4.800000000000001 19.8 27.77957478702117 -999.9 -999.9 -999.9 -999.9 -999.99
weather 2023 10 18 291 5.4 19.9 26.29327822441976 -999.9 -999.9 -999.9 -999.9 -999.99
weather 2023 10 19 292 7.800000000000001 21.1 21.917658566418275 -999.9 -999.9 -999.9 -999.9 -999.99
weather 2023 10 20 293 6.4 22.3 23.590687976933527 -999.9 -999.9 -999.9 -999.9 -999.99
weather 2023 10 21 294 8.0 21.1 28.236955623994405 -999.9 -999.9 -999.9 -999.9 -999.99
weather 2023 10 22 295 7.1000000000000005 17.900000000000002 13.926295027797572 -999.9 -999.9 -999.9 -999.9 -999.99
weather 2023 10 23 296 5.0 21.5 10.534469339205254 -999.9 -999.9 -999.9 -999.9 -999.99
weather 2023 10 24 297 9.4 24.700000000000003 25.203788344266563 -999.9 -999.9 -999.9 -999.9 -999.99
weather 2023 10 25 298 6.5 24.6 28.76421869358739 -999.9 -999.9 -999.9 -999.9 -999.99
weather 2023 10 26 299 9.4 22.0 17.30035869645238 -999.9 -999.9 -999.9 -999.9 -999.99
weather 2023 10 27 300 3.0 13.7 29.225980326050717 -999.9 -999.9 -999.9 -999.9 -999.99
weather 2023 10 28 301 -0.1 14.1 29.57428874087068 -999.9 -999.9 -999.9 -999.9 -999.99
weather 2023 10 29 302 1.5 18.2 24.058543036456488 -999.9 -999.9 -999.9 -999.9 -999.99
weather 2023 10 30 303 2.8000000000000003 16.1 7.911336031657695 -999.9 -999.9 -999.9 -999.9 -999.99
weather 2023 10 31 304 1.2000000000000002 17.6 11.11415872097583 -999.9 -999.9 -999.9 -999.9 -999.99
weather 2023 11 1 305 5.2 18.8 31.324852063356804 -999.9 -999.9 -999.9 -999.9 -999.99
weather 2023 11 2 306 5.7 20.700000000000003 22.66104985631588 -999.9 -999.9 -999.9 -999.9 -999.99
weather 2023 11 3 307 5.1000000000000005 19.8 22.830299883410724 -999.9 -999.9 -999.9 -999.9 -999.99
weather 2023 11 4 308 6.4 13.8 14.079459884026445 -999.9 -999.9 -999.9 -999.9 -999.99
weather 2023 11 5 309 0.4 6.300000000000001 22.042050314636104 -999.9 -999.9 -999.9 -999.9 -999.99
weather 2023 11 6 310 -2.3000000000000003 5.2 31.087020263449865 -999.9 -999.9 -999.9 -999.9 -999.99
weather 2023 11 7 311 -5.4 11.6 26.184206243265155 -999.9 -999.9 -999.9 -999.9 -999.99
weather 2023 11 8 312 -0.5 16.8 28.157913147795657 -999.9 -999.9 -999.9 -999.9 -999.99
weather 2023 11 9 313 -0.1 14.4 23.860435858487573 -999.9 -999.9 -999.9 -999.9 -999.99
weather 2023 11 10 314 0.7000000000000001 14.4 24.882014004137776 -999.9 -999.9 -999.9 -999.9 -999.99
weather 2023 11 11 315 -2.2 6.6000000000000005 28.444125542096543 -999.9 -999.9 -999.9 -999.9 -999.99
weather 2023 11 12 316 -5.0 7.800000000000001 29.387079014427385 -999.9 -999.9 -999.9 -999.9 -999.99
weather 2023 11 13 317 -4.2 12.7 30.42924442612432 -999.9 -999.9 -999.9 -999.9 -999.99
weather 2023 11 14 318 -1.3 15.2 25.144241133616838 -999.9 -999.9 -999.9 -999.9 -999.99
weather 2023 11 15 319 -0.2 14.0 20.53714760471452 -999.9 -999.9 -999.9 -999.9 -999.99
weather 2023 11 16 320 -0.1 10.1 10.077209990319218 -999.9 -999.9 -999.9 -999.9 -999.99
weather 2023 11 17 321 -3.2 3.9 20.80797616779143 -999.9 -999.9 -999.9 -999.9 -999.99
weather 2023 11 18 322 -1.7000000000000002 5.800000000000001 28.31399409422021 -999.9 -999.9 -999.9 -999.9 -999.99
weather 2023 11 19 323 -5.300000000000001 7.9 21.445690034571605 -999.9 -999.9 -999.9 -999.9 -999.99
weather 2023 11 20 324 -1.8 7.9 17.506556463646167 -999.9 -999.9 -999.9 -999.9 -999.99
weather 2023 11 21 325 -10.6 5.0 21.88066057120528 -999.9 -999.9 -999.9 -999.9 -999.99
weather 2023 11 22 326 -2.9000000000000004 10.2 17.413327089169957 -999.9 -999.9 -999.9 -999.9 -999.99
weather 2023 11 23 327 -0.8 12.8 7.532063210253183 -999.9 -999.9 -999.9 -999.9 -999.99
weather 2023 11 24 328 -0.6000000000000001 11.6 8.724533149230387 -999.9 -999.9 -999.9 -999.9 -999.99
weather 2023 11 25 329 -1.3 7.5 26.761331172124617 -999.9 -999.9 -999.9 -999.9 -999.99
weather 2023 11 26 330 -5.5 -0.5 19.87257278806209 -999.9 -999.9 -999.9 -999.9 -999.99
weather 2023 11 27 331 -10.2 -1.5 14.87346830263859 -999.9 -999.9 -999.9 -999.9 -999.99
weather 2023 11 28 332 -9.8 1.8 19.00274903137186 -999.9 -999.9 -999.9 -999.9 -999.99
weather 2023 11 29 333 -9.2 1.4 28.68278438234872 -999.9 -999.9 -999.9 -999.9 -999.99
weather 2023 11 30 334 -7.5 -2.3000000000000003 24.309328814244942 -999.9 -999.9 -999.9 -999.9 -999.99
weather 2023 7 1 182 14.3 24.1 9.695166363434218 -999.9 -999.9 -999.9 -999.9 -999.99
weather 2023 7 2 183 13.7 23.700000000000003 23.82698940596358 -999.9 -999.9 -999.9 -999.9 -999.99
weather 2023 7 3 184 14.6 29.200000000000003 20.723489630840085 -999.9 -999.9 -999.9 -999.9 -999.99
weather 2023 7 4 185 14.7 30.8 28.29308375080101 -999.9 -999.9 -999.9 -999.9 -999.99
weather 2023 7 5 186 14.5 30.200000000000003 25.34976632896584 -999.9 -999.9 -999.9 -999.9 -999.99
weather 2023 7 6 187 13.0 33.2 27.467073874449447 -999.9 -999.9 -999.9 -999.9 -999.99
weather 2023 7 7 188 14.5 31.200000000000003 20.53345448859297 -999.9 -999.9 -999.9 -999.9 -999.99
weather 2023 7 8 189 14.4 33.0 27.45110838940768 -999.9 -999.9 -999.9 -999.9 -999.99
weather 2023 7 9 190 15.4 34.5 25.602053988733992 -999.9 -999.9 -999.9 -999.9 -999.99
weather 2023 7 10 191 18.7 35.1 8.262407949782908 -999.9 -999.9 -999.9 -999.9 -999.99
weather 2023 7 11 192 14.0 30.6 19.529361287484964 -999.9 -999.9 -999.9 -999.9 -999.99
weather 2023 7 12 193 12.1 31.6 22.321474764379285 -999.9 -999.9 -999.9 -999.9 -999.99
weather 2023 7 13 194 12.8 31.9 26.963939775439563 -999.9 -999.9 -999.9 -999.9 -999.99
weather 2023 7 14 195 13.6 30.5 20.19270568421171 -999.9 -999.9 -999.9 -999.9 -999.99
weather 2023 7 15 196 14.9 31.1 11.733937543577634 -999.9 -999.9 -999.9 -999.9 -999.99
weather 2023 7 16 197 14.0 33.5 16.72685201447432 -999.9 -999.9 -999.9 -999.9 -999.99
weather 2023 7 17 198 16.8 32.7 19.24358449209977 -999.9 -999.9 -999.9 -999.9 -999.99
weather 2023 7 18 199 16.0 32.2 26.53334788225622 -999.9 -999.9 -999.9 -999.9 -999.99
weather 2023 7 19 200 16.400000000000002 31.8 24.62423559296228 -999.9 -999.9 -999.9 -999.9 -999.99
weather 2023 7 20 201 16.7 32.4 19.730675833335123 -999.9 -999.9 -999.9 -999.9 -999.99
weather 2023 7 21 202 18.6 32.6 12.84764744751494 -999.9 -999.9 -999.9 -999.9 -999.99
weather 2023 7 22 203 18.9 32.2 19.541990845595095 -999.9 -999.9 -999.9 -999.9 -999.99
weather 2023 7 23 204 19.1 34.5 19.44840093789732 -999.9 -999.9 -999.9 -999.9 -999.99
weather 2023 7 24 205 16.900000000000002 32.9 23.590033825405524 -999.9 -999.9 -999.9 -999.9 -999.99
weather 2023 7 25 206 14.9 34.4 23.851691001350105 -999.9 -999.9 -999.9 -999.9 -999.99
weather 2023 7 26 207 18.3 31.1 22.771665829371607 -999.9 -999.9 -999.9 -999.9 -999.99
weather 2023 7 27 208 16.1 32.9 25.24696190813751 -999.9 -999.9 -999.9 -999.9 -999.99
weather 2023 7 28 209 15.4 33.2 24.331556421386185 -999.9 -999.9 -999.9 -999.9 -999.99
weather 2023 7 29 210 14.0 30.3 15.569662051905938 -999.9 -999.9 -999.9 -999.9 -999.99
weather 2023 7 30 211 15.9 33.1 19.05257669300504 -999.9 -999.9 -999.9 -999.9 -999.99
weather 2023 7 31 212 17.400000000000002 32.0 21.28987309463988 -999.9 -999.9 -999.9 -999.9 -999.99
weather 2023 5 1 121 1.2000000000000002 15.2 13.032438470574894 -999.9 -999.9 -999.9 -999.9 -999.99
weather 2023 5 2 122 0.9 14.6 3.5631376589112094 -999.9 -999.9 -999.9 -999.9 -999.99
weather 2023 5 3 123 1.5 13.0 2.917899833129229 -999.9 -999.9 -999.9 -999.9 -999.99
weather 2023 5 4 124 1.7000000000000002 20.700000000000003 5.452234795862889 -999.9 -999.9 -999.9 -999.9 -999.99
weather 2023 5 5 125 6.300000000000001 24.5 4.75650440826153 -999.9 -999.9 -999.9 -999.9 -999.99
weather 2023 5 6 126 8.6 28.1 8.237814589526815 -999.9 -999.9 -999.9 -999.9 -999.99
weather 2023 5 7 127 11.0 23.8 5.268874147546943 -999.9 -999.9 -999.9 -999.9 -999.99
weather 2023 5 8 128 7.7 21.8 8.417605527922571 -999.9 -999.9 -999.9 -999.9 -999.99
weather 2023 5 9 129 7.9 18.2 9.820800763913477 -999.9 -999.9 -999.9 -999.9 -999.99
weather 2023 5 10 130 8.200000000000001 14.8 10.5841004893813 -999.9 -999.9 -999.9 -999.9 -999.99
weather 2023 5 11 131 5.5 18.7 5.241165848403726 -999.9 -999.9 -999.9 -999.9 -999.99
weather 2023 5 12 132 6.6000000000000005 25.8 10.761253728205174 -999.9 -999.9 -999.9 -999.9 -999.99
weather 2023 5 13 133 9.6 27.3 10.672549296214228 -999.9 -999.9 -999.9 -999.9 -999.99
weather 2023 5 14 134 7.300000000000001 24.1 6.460134504332352 -999.9 -999.9 -999.9 -999.9 -999.99
weather 2023 5 15 135 8.5 25.700000000000003 5.346618709925017 -999.9 -999.9 -999.9 -999.9 -999.99
weather 2023 5 16 136 6.9 21.3 5.655440117394967 -999.9 -999.9 -999.9 -999.9 -999.99
weather 2023 5 17 137 5.0 19.200000000000003 6.029754209552454 -999.9 -999.9 -999.9 -999.9 -999.99
weather 2023 5 18 138 1.2000000000000002 11.9 8.17968928980707 -999.9 -999.9 -999.9 -999.9 -999.99
weather 2023 5 19 139 -6.2 5.5 8.704326878376767 -999.9 -999.9 -999.9 -999.9 -999.99
weather 2023 5 20 140 -2.4000000000000004 13.0 11.540793685471858 -999.9 -999.9 -999.9 -999.9 -999.99
weather 2023 5 21 141 0.8 16.5 11.026141864259705 -999.9 -999.9 -999.9 -999.9 -999.99
weather 2023 5 22 142 2.9000000000000004 17.5 11.802288503947665 -999.9 -999.9 -999.9 -999.9 -999.99
weather 2023 5 23 143 0.9 16.0 8.194012580457768 -999.9 -999.9 -999.9 -999.9 -999.99
weather 2023 5 24 144 4.7 25.1 4.361080743217604 -999.9 -999.9 -999.9 -999.9 -999.99
weather 2023 5 25 145 10.7 22.9 7.709255067227274 -999.9 -999.9 -999.9 -999.9 -999.99
weather 2023 5 26 146 5.9 22.3 10.75972174679563 -999.9 -999.9 -999.9 -999.9 -999.99
weather 2023 5 27 147 4.2 18.3 2.9484 -999.9 -999.9 -999.9 -999.9 -999.99
weather 2023 5 28 148 3.2 19.700000000000003 7.018941278156087 -999.9 -999.9 -999.9 -999.9 -999.99
weather 2023 5 29 149 5.300000000000001 19.1 10.988767439366123 -999.9 -999.9 -999.9 -999.9 -999.99
weather 2023 5 30 150 6.5 23.4 10.22434764768212 -999.9 -999.9 -999.9 -999.9 -999.99
weather 2023 5 31 151 7.800000000000001 24.200000000000003 12.932247394378573 -999.9 -999.9 -999.9 -999.9 -999.99
weather 2023 6 1 152 9.5 25.1 11.944353972613795 -999.9 -999.9 -999.9 -999.9 -999.99
weather 2023 6 2 153 10.2 23.1 4.270517345680915 -999.9 -999.9 -999.9 -999.9 -999.99
weather 2023 6 3 154 9.0 23.8 11.962273610635268 -999.9 -999.9 -999.9 -999.9 -999.99
weather 2023 6 4 155 9.1 27.200000000000003 13.252982192746394 -999.9 -999.9 -999.9 -999.9 -999.99
weather 2023 6 5 156 11.8 27.5 12.359280663727867 -999.9 -999.9 -999.9 -999.9 -999.99
weather 2023 6 6 157 12.6 25.3 5.621660297808239 -999.9 -999.9 -999.9 -999.9 -999.99
weather 2023 6 7 158 11.7 26.0 13.705223702722568 -999.9 -999.9 -999.9 -999.9 -999.99
weather 2023 6 8 159 12.1 28.4 12.887649898007211 -999.9 -999.9 -999.9 -999.9 -999.99
weather 2023 6 9 160 12.9 31.1 8.869073166441137 -999.9 -999.9 -999.9 -999.9 -999.99
weather 2023 6 10 161 14.5 33.1 3.095666783390293 -999.9 -999.9 -999.9 -999.9 -999.99
weather 2023 6 11 162 13.7 27.9 2.8044 -999.9 -999.9 -999.9 -999.9 -999.99
weather 2023 6 12 163 11.7 31.200000000000003 4.007726834272127 -999.9 -999.9 -999.9 -999.9 -999.99
weather 2023 6 13 164 8.1 26.6 6.827314589176404 -999.9 -999.9 -999.9 -999.9 -999.99
weather 2023 6 14 165 8.700000000000001 28.4 12.31763994287869 -999.9 -999.9 -999.9 -999.9 -999.99
weather 2023 6 15 166 9.9 30.3 15.09078141873755 -999.9 -999.9 -999.9 -999.9 -999.99
weather 2023 6 16 167 12.2 31.200000000000003 15.060584345664369 -999.9 -999.9 -999.9 -999.9 -999.99
weather 2023 6 17 168 15.4 30.200000000000003 6.160613613172333 -999.9 -999.9 -999.9 -999.9 -999.99
weather 2023 6 18 169 12.7 29.1 14.025146977476563 -999.9 -999.9 -999.9 -999.9 -999.99
weather 2023 6 19 170 10.9 30.3 6.313173967464724 -999.9 -999.9 -999.9 -999.9 -999.99
weather 2023 6 20 171 14.1 34.300000000000004 14.830463505120775 -999.9 -999.9 -999.9 -999.9 -999.99
weather 2023 6 21 172 17.400000000000002 34.0 5.776155873657222 -999.9 -999.9 -999.9 -999.9 -999.99
weather 2023 6 22 173 17.900000000000002 33.4 16.311477563093256 -999.9 -999.9 -999.9 -999.9 -999.99
weather 2023 6 23 174 10.7 25.3 15.87885195196057 -999.9 -999.9 -999.9 -999.9 -999.99
weather 2023 6 24 175 9.1 26.200000000000003 13.825300622919166 -999.9 -999.9 -999.9 -999.9 -999.99
weather 2023 6 25 176 8.8 26.5 14.457510008247649 -999.9 -999.9 -999.9 -999.9 -999.99
weather 2023 6 26 177 11.1 30.700000000000003 16.645539473044213 -999.9 -999.9 -999.9 -999.9 -999.99
weather 2023 6 27 178 14.8 33.6 14.634499301403512 -999.9 -999.9 -999.9 -999.9 -999.99
weather 2023 6 28 179 13.8 30.8 17.896097344737463 -999.9 -999.9 -999.9 -999.9 -999.99
weather 2023 6 29 180 13.1 29.200000000000003 9.942461236801044 -999.9 -999.9 -999.9 -999.9 -999.99
weather 2023 6 30 181 10.5 24.9 4.108446754168799 -999.9 -999.9 -999.9 -999.9 -999.99
weather 2023 12 1 335 2.1 14.1 20.658336089951053 -999.9 -999.9 -999.9 -999.9 -999.99
weather 2023 12 2 336 0.7000000000000001 14.4 11.21004537979697 -999.9 -999.9 -999.9 -999.9 -999.99
weather 2023 12 3 337 2.9000000000000004 15.3 14.222198170581274 -999.9 -999.9 -999.9 -999.9 -999.99
weather 2023 12 4 338 -3.2 7.0 13.898166374712073 -999.9 -999.9 -999.9 -999.9 -999.99
weather 2023 12 5 339 -6.2 6.800000000000001 8.92393757972399 -999.9 -999.9 -999.9 -999.9 -999.99
weather 2023 12 6 340 -5.6000000000000005 0.5 13.66123372781715 -999.9 -999.9 -999.9 -999.9 -999.99
weather 2023 12 7 341 -9.1 -0.1 12.504706136487735 -999.9 -999.9 -999.9 -999.9 -999.99
weather 2023 12 8 342 -1.3 8.0 13.676702339665413 -999.9 -999.9 -999.9 -999.9 -999.99
weather 2023 12 9 343 -0.9 11.1 12.349256343286138 -999.9 -999.9 -999.9 -999.9 -999.99
weather 2023 12 10 344 -1.8 11.8 9.96985753871406 -999.9 -999.9 -999.9 -999.9 -999.99
weather 2023 12 11 345 0.5 12.2 2.6570376257447674 -999.9 -999.9 -999.9 -999.9 -999.99
weather 2023 12 12 346 -0.5 15.1 10.645498536805327 -999.9 -999.9 -999.9 -999.9 -999.99
weather 2023 12 13 347 0.9 10.5 10.048466707648965 -999.9 -999.9 -999.9 -999.9 -999.99
weather 2023 12 14 348 -3.3000000000000003 2.9000000000000004 12.272230633801412 -999.9 -999.9 -999.9 -999.9 -999.99
weather 2023 12 15 349 -5.9 10.3 12.584045697637258 -999.9 -999.9 -999.9 -999.9 -999.99
weather 2023 12 16 350 1.0 7.2 12.446215975101511 -999.9 -999.9 -999.9 -999.9 -999.99
weather 2023 12 17 351 -3.8 6.4 12.332696528704096 -999.9 -999.9 -999.9 -999.9 -999.99
weather 2023 12 18 352 -2.8000000000000003 10.4 8.463708544482738 -999.9 -999.9 -999.9 -999.9 -999.99
weather 2023 12 19 353 -1.1 10.0 11.63811611867159 -999.9 -999.9 -999.9 -999.9 -999.99
weather 2023 12 20 354 -999.9 13.5 11.904175810092454 -999.9 -999.9 -999.9 -999.9 -999.99
weather 2023 12 21 355 -6.800000000000001 3.1 2.6936891168500843 -999.9 -999.9 -999.9 -999.9 -999.99
weather 2023 12 22 356 -7.2 4.0 6.613452308972935 -999.9 -999.9 -999.9 -999.9 -999.99
weather 2023 12 23 357 -5.300000000000001 4.5 10.6581526319805 -999.9 -999.9 -999.9 -999.9 -999.99
weather 2023 12 24 358 -11.2 0.5 9.589655402434238 -999.9 -999.9 -999.9 -999.9 -999.99
weather 2023 12 25 359 -4.4 1.9 9.52279554571119 -999.9 -999.9 -999.9 -999.9 -999.99
weather 2023 12 26 360 -8.9 -0.7000000000000001 10.984792443915978 -999.9 -999.9 -999.9 -999.9 -999.99
weather 2023 12 27 361 -8.9 6.0 10.67742520385457 -999.9 -999.9 -999.9 -999.9 -999.99
weather 2023 12 28 362 -1.5 6.7 8.106149512573083 -999.9 -999.9 -999.9 -999.9 -999.99
weather 2023 12 29 363 -1.7000000000000002 9.7 6.527370025676308 -999.9 -999.9 -999.9 -999.9 -999.99
weather 2023 12 30 364 -3.2 10.6 7.900180143883504 -999.9 -999.9 -999.9 -999.9 -999.99
weather 2023 12 31 365 -5.4 2.3000000000000003 10.541953935703502 -999.9 -999.9 -999.9 -999.9 -999.99
weather 2023 2 1 32 -3.6 10.1 8.524908139496214 -999.9 -999.9 -999.9 -999.9 -999.99
weather 2023 2 2 33 -2.2 10.6 8.370434631458846 -999.9 -999.9 -999.9 -999.9 -999.99
weather 2023 2 3 34 1.2000000000000002 10.8 8.546071838664636 -999.9 -999.9 -999.9 -999.9 -999.99
weather 2023 2 4 35 -1.3 10.6 4.399169683955392 -999.9 -999.9 -999.9 -999.9 -999.99
weather 2023 2 5 36 -2.5 7.2 3.294 -999.9 -999.9 -999.9 -999.9 -999.99
weather 2023 2 6 37 -6.6000000000000005 0.5 9.025123892515794 -999.9 -999.9 -999.9 -999.9 -999.99
weather 2023 2 7 38 -15.2 -5.300000000000001 5.051913104108643 -999.9 -999.9 -999.9 -999.9 -999.99
weather 2023 2 8 39 -13.0 3.7 4.267962637926023 -999.9 -999.9 -999.9 -999.9 -999.99
weather 2023 2 9 40 -7.6 7.1000000000000005 6.431720761615006 -999.9 -999.9 -999.9 -999.9 -999.99
weather 2023 2 10 41 -7.800000000000001 5.7 5.643799152888587 -999.9 -999.9 -999.9 -999.9 -999.99
weather 2023 2 11 42 -7.300000000000001 0.3 8.597056604850343 -999.9 -999.9 -999.9 -999.9 -999.99
weather 2023 2 12 43 -8.200000000000001 4.4 7.133988471345323 -999.9 -999.9 -999.9 -999.9 -999.99
weather 2023 2 13 44 -4.9 8.3 8.22359426048303 -999.9 -999.9 -999.9 -999.9 -999.99
weather 2023 2 14 45 0.9 9.9 8.651139626230522 -999.9 -999.9 -999.9 -999.9 -999.99
weather 2023 2 15 46 -1.4 8.700000000000001 2.5520465651407025 -999.9 -999.9 -999.9 -999.9 -999.99
weather 2023 2 16 47 -4.0 2.6 4.098021288915345 -999.9 -999.9 -999.9 -999.9 -999.99
weather 2023 2 17 48 -9.4 -0.9 5.604808964632285 -999.9 -999.9 -999.9 -999.9 -999.99
weather 2023 2 18 49 -11.8 -1.7000000000000002 3.6754789738433695 -999.9 -999.9 -999.9 -999.9 -999.99
weather 2023 2 19 50 -11.6 -3.9 4.093061991545097 -999.9 -999.9 -999.9 -999.9 -999.99
weather 2023 2 20 51 -14.3 -2.7 3.7116 -999.9 -999.9 -999.9 -999.9 -999.99
weather 2023 2 21 52 -10.7 -0.8 7.475921453547927 -999.9 -999.9 -999.9 -999.9 -999.99
weather 2023 2 22 53 -8.5 2.8000000000000003 6.549680175314904 -999.9 -999.9 -999.9 -999.9 -999.99
weather 2023 2 23 54 -8.200000000000001 -1.0 7.217003020312687 -999.9 -999.9 -999.9 -999.9 -999.99
weather 2023 2 24 55 -10.4 2.6 6.428648852185054 -999.9 -999.9 -999.9 -999.9 -999.99
weather 2023 2 25 56 -7.2 7.1000000000000005 4.451109377760768 -999.9 -999.9 -999.9 -999.9 -999.99
weather 2023 2 26 57 -5.300000000000001 10.4 6.676663613719866 -999.9 -999.9 -999.9 -999.9 -999.99
weather 2023 2 27 58 -4.9 8.6 6.5669972612261605 -999.9 -999.9 -999.9 -999.9 -999.99
weather 2023 2 28 59 -2.2 9.4 5.087373276695657 -999.9 -999.9 -999.9 -999.9 -999.99
weather 2023 1 1 1 -13.1 -5.0 12.085586448542925 -999.9 -999.9 -999.9 -999.9 -999.99
weather 2023 1 2 2 -16.2 2.8000000000000003 21.85164119565079 -999.9 -999.9 -999.9 -999.9 -999.99
weather 2023 1 3 3 -6.2 6.2 12.30307011729873 -999.9 -999.9 -999.9 -999.9 -999.99
weather 2023 1 4 4 -5.1000000000000005 4.0 28.007446728674108 -999.9 -999.9 -999.9 -999.9 -999.99
weather 2023 1 5 5 -5.7 3.5 23.99676083991925 -999.9 -999.9 -999.9 -999.9 -999.99
weather 2023 1 6 6 -11.2 2.3000000000000003 24.99192911361412 -999.9 -999.9 -999.9 -999.9 -999.99
weather 2023 1 7 7 -0.9 8.200000000000001 20.35698074978045 -999.9 -999.9 -999.9 -999.9 -999.99
weather 2023 1 8 8 -1.9 4.3 26.67484539159141 -999.9 -999.9 -999.9 -999.9 -999.99
weather 2023 1 9 9 -9.7 2.3000000000000003 25.260345265711067 -999.9 -999.9 -999.9 -999.9 -999.99
weather 2023 1 10 10 -6.300000000000001 8.700000000000001 23.01303470458569 -999.9 -999.9 -999.9 -999.9 -999.99
weather 2023 1 11 11 -2.3000000000000003 8.4 28.50180176488551 -999.9 -999.9 -999.9 -999.9 -999.99
weather 2023 1 12 12 -3.4000000000000004 8.9 25.322754761421013 -999.9 -999.9 -999.9 -999.9 -999.99
weather 2023 1 13 13 0.3 13.0 18.53487096247186 -999.9 -999.9 -999.9 -999.9 -999.99
weather 2023 1 14 14 -2.4000000000000004 3.6 13.903664688577445 -999.9 -999.9 -999.9 -999.9 -999.99
weather 2023 1 15 15 -7.800000000000001 7.2 26.798779013798644 -999.9 -999.9 -999.9 -999.9 -999.99
weather 2023 1 16 16 -1.7000000000000002 8.9 20.688366576201556 -999.9 -999.9 -999.9 -999.9 -999.99
weather 2023 1 17 17 -3.8 10.9 27.33886737617908 -999.9 -999.9 -999.9 -999.9 -999.99
weather 2023 1 18 18 -1.1 8.1 20.586769946539512 -999.9 -999.9 -999.9 -999.9 -999.99
weather 2023 1 19 19 -5.300000000000001 -0.3 10.4724 -999.9 -999.9 -999.9 -999.9 -999.99
weather 2023 1 20 20 -8.700000000000001 3.4000000000000004 27.29604369531782 -999.9 -999.9 -999.9 -999.9 -999.99
weather 2023 1 21 21 -4.2 1.4 23.20963111449677 -999.9 -999.9 -999.9 -999.9 -999.99
weather 2023 1 22 22 -8.200000000000001 4.800000000000001 25.94706318467908 -999.9 -999.9 -999.9 -999.9 -999.99
weather 2023 1 23 23 -4.4 7.9 30.22787554249105 -999.9 -999.9 -999.9 -999.9 -999.99
weather 2023 1 24 24 -4.2 5.4 26.08540122101094 -999.9 -999.9 -999.9 -999.9 -999.99
weather 2023 1 25 25 -5.9 -0.9 22.172006521315573 -999.9 -999.9 -999.9 -999.9 -999.99
weather 2023 1 26 26 -11.5 2.0 13.70571360026778 -999.9 -999.9 -999.9 -999.9 -999.99
weather 2023 1 27 27 -8.200000000000001 -4.0 23.96392813272518 -999.9 -999.9 -999.9 -999.9 -999.99
weather 2023 1 28 28 -11.2 4.4 27.23942336045408 -999.9 -999.9 -999.9 -999.9 -999.99
weather 2023 1 29 29 -3.7 9.6 21.25772257078623 -999.9 -999.9 -999.9 -999.9 -999.99
weather 2023 1 30 30 -4.4 10.9 24.14861495086308 -999.9 -999.9 -999.9 -999.9 -999.99
weather 2023 1 31 31 -3.4000000000000004 8.1 7.188880246342136 -999.9 -999.9 -999.9 -999.9 -999.99
weather 2023 3 1 60 0.4 17.2 5.180196050994737 -999.9 -999.9 -999.9 -999.9 -999.99
weather 2023 3 2 61 2.3000000000000003 18.7 5.83086094167017 -999.9 -999.9 -999.9 -999.9 -999.99
weather 2023 3 3 62 3.0 19.9 18.314482618093898 -999.9 -999.9 -999.9 -999.9 -999.99
weather 2023 3 4 63 2.3000000000000003 13.8 18.37051419110447 -999.9 -999.9 -999.9 -999.9 -999.99
weather 2023 3 5 64 -1.3 7.800000000000001 17.75905923010507 -999.9 -999.9 -999.9 -999.9 -999.99
weather 2023 3 6 65 -6.6000000000000005 -1.7000000000000002 9.556533895738092 -999.9 -999.9 -999.9 -999.9 -999.99
weather 2023 3 7 66 -10.3 -0.4 17.4179675189484 -999.9 -999.9 -999.9 -999.9 -999.99
weather 2023 3 8 67 -12.0 1.2000000000000002 17.61518878536348 -999.9 -999.9 -999.9 -999.9 -999.99
weather 2023 3 9 68 -9.2 -0.8 4.473610682782929 -999.9 -999.9 -999.9 -999.9 -999.99
weather 2023 3 10 69 -13.8 -3.5 9.00203919852851 -999.9 -999.9 -999.9 -999.9 -999.99
weather 2023 3 11 70 -15.5 -0.9 17.550377689693917 -999.9 -999.9 -999.9 -999.9 -999.99
weather 2023 3 12 71 -6.300000000000001 9.2 15.360534764689875 -999.9 -999.9 -999.9 -999.9 -999.99
weather 2023 3 13 72 -1.7000000000000002 13.3 19.844193031938595 -999.9 -999.9 -999.9 -999.9 -999.99
weather 2023 3 14 73 -2.5 10.1 20.688080656699466 -999.9 -999.9 -999.9 -999.9 -999.99
weather 2023 3 15 74 -2.1 16.400000000000002 20.943429998933496 -999.9 -999.9 -999.9 -999.9 -999.99
weather 2023 3 16 75 1.8 8.9 21.11210698038761 -999.9 -999.9 -999.9 -999.9 -999.99
weather 2023 3 17 76 -2.6 3.4000000000000004 21.26377861749771 -999.9 -999.9 -999.9 -999.9 -999.99
weather 2023 3 18 77 -9.9 6.9 17.364317513114262 -999.9 -999.9 -999.9 -999.9 -999.99
weather 2023 3 19 78 -5.4 11.9 18.37674112878207 -999.9 -999.9 -999.9 -999.9 -999.99
weather 2023 3 20 79 0.2 13.5 3.4488 -999.9 -999.9 -999.9 -999.9 -999.99
weather 2023 3 21 80 -2.9000000000000004 7.2 6.483737251009947 -999.9 -999.9 -999.9 -999.9 -999.99
weather 2023 3 22 81 -6.5 3.4000000000000004 9.273826315109488 -999.9 -999.9 -999.9 -999.9 -999.99
weather 2023 3 23 82 -3.5 8.9 13.294638007875855 -999.9 -999.9 -999.9 -999.9 -999.99
weather 2023 3 24 83 -1.8 15.5 15.072588758252872 -999.9 -999.9 -999.9 -999.9 -999.99
weather 2023 3 25 84 -1.1 15.9 16.24334849121246 -999.9 -999.9 -999.9 -999.9 -999.99
weather 2023 3 26 85 3.3000000000000003 20.8 23.12057152248072 -999.9 -999.9 -999.9 -999.9 -999.99
weather 2023 3 27 86 4.3 21.9 23.49402934217996 -999.9 -999.9 -999.9 -999.9 -999.99
weather 2023 3 28 87 6.0 22.3 19.95646517324302 -999.9 -999.9 -999.9 -999.9 -999.99
weather 2023 3 29 88 4.9 15.5 22.40349658462177 -999.9 -999.9 -999.9 -999.9 -999.99
weather 2023 3 30 89 -4.800000000000001 6.7 21.37358328102623 -999.9 -999.9 -999.9 -999.9 -999.99
weather 2023 3 31 90 -3.5 14.8 18.2894116656005 -999.9 -999.9 -999.9 -999.9 -999.99
weather 2023 9 1 244 13.5 32.1 28.036248143539936 -999.9 -999.9 -999.9 -999.9 -999.99
weather 2023 9 2 245 16.2 32.9 18.15727846386381 -999.9 -999.9 -999.9 -999.9 -999.99
weather 2023 9 3 246 12.6 31.0 25.24264730305955 -999.9 -999.9 -999.9 -999.9 -999.99
weather 2023 9 4 247 14.5 33.6 16.19717531532171 -999.9 -999.9 -999.9 -999.9 -999.99
weather 2023 9 5 248 17.1 34.5 20.89906745400751 -999.9 -999.9 -999.9 -999.9 -999.99
weather 2023 9 6 249 18.7 35.1 23.52745549467556 -999.9 -999.9 -999.9 -999.9 -999.99
weather 2023 9 7 250 17.7 34.9 17.83822058093611 -999.9 -999.9 -999.9 -999.9 -999.99
weather 2023 9 8 251 16.6 35.0 19.41569826584511 -999.9 -999.9 -999.9 -999.9 -999.99
weather 2023 9 9 252 13.9 26.6 18.25852590041273 -999.9 -999.9 -999.9 -999.9 -999.99
weather 2023 9 10 253 9.3 19.9 9.286025578939933 -999.9 -999.9 -999.9 -999.9 -999.99
weather 2023 9 11 254 5.7 27.0 11.02782116753938 -999.9 -999.9 -999.9 -999.9 -999.99
weather 2023 9 12 255 9.3 29.9 16.89314136532996 -999.9 -999.9 -999.9 -999.9 -999.99
weather 2023 9 13 256 11.4 29.200000000000003 14.814883325190642 -999.9 -999.9 -999.9 -999.9 -999.99
weather 2023 9 14 257 14.5 24.3 9.401000115132565 -999.9 -999.9 -999.9 -999.9 -999.99
weather 2023 9 15 258 10.9 24.1 23.00708982991538 -999.9 -999.9 -999.9 -999.9 -999.99
weather 2023 9 16 259 9.3 26.3 22.772415381754588 -999.9 -999.9 -999.9 -999.9 -999.99
weather 2023 9 17 260 10.2 27.3 21.980482955128775 -999.9 -999.9 -999.9 -999.9 -999.99
weather 2023 9 18 261 9.8 29.6 13.713023201393426 -999.9 -999.9 -999.9 -999.9 -999.99
weather 2023 9 19 262 12.1 30.5 12.468181933603924 -999.9 -999.9 -999.9 -999.9 -999.99
weather 2023 9 20 263 12.6 30.6 22.21769025933653 -999.9 -999.9 -999.9 -999.9 -999.99
weather 2023 9 21 264 13.0 23.1 21.697423144426317 -999.9 -999.9 -999.9 -999.9 -999.99
weather 2023 9 22 265 9.8 22.200000000000003 19.87357127833148 -999.9 -999.9 -999.9 -999.9 -999.99
weather 2023 9 23 266 10.3 25.700000000000003 21.136428527317836 -999.9 -999.9 -999.9 -999.9 -999.99
weather 2023 9 24 267 7.800000000000001 26.6 20.376006439048577 -999.9 -999.9 -999.9 -999.9 -999.99
weather 2023 9 25 268 8.200000000000001 25.1 20.31202543237001 -999.9 -999.9 -999.9 -999.9 -999.99
weather 2023 9 26 269 8.4 27.0 13.7640087643064 -999.9 -999.9 -999.9 -999.9 -999.99
weather 2023 9 27 270 9.3 25.4 12.95530437888033 -999.9 -999.9 -999.9 -999.9 -999.99
weather 2023 9 28 271 10.1 27.700000000000003 12.847502143978694 -999.9 -999.9 -999.9 -999.9 -999.99
weather 2023 9 29 272 13.6 26.0 13.728361353653176 -999.9 -999.9 -999.9 -999.9 -999.99
weather 2023 9 30 273 11.7 22.5 18.644892306372864 -999.9 -999.9 -999.9 -999.9 -999.99
weather 2023 8 1 213 15.7 30.200000000000003 13.748507350246944 -999.9 -999.9 1.8125 22.345833333333335 -999.99
weather 2023 8 2 214 16.1 28.9 6.810936935623016 -999.9 -999.9 1.7249999999999999 22.125 -999.99
weather 2023 8 3 215 14.9 30.0 21.03487578668909 -999.9 -999.9 1.2041666666666668 22.1125 -999.99
weather 2023 8 4 216 13.5 30.6 29.051005548696008 -999.9 -999.9 1.125 21.59166666666667 -999.99
weather 2023 8 5 217 14.8 28.3 24.652244813458395 -999.9 -999.9 1.0958333333333334 21.3875 -999.99
weather 2023 8 6 218 11.1 25.200000000000003 24.468800836852456 -999.9 -999.9 1.8541666666666667 18.25 -999.99
weather 2023 8 7 219 12.3 29.200000000000003 23.13068754905401 -999.9 -999.9 1.8708333333333333 19.666666666666668 -999.99
weather 2023 8 8 220 12.3 29.4 27.420620917329178 -999.9 -999.9 1.3875000000000002 20.51666666666667 -999.99
weather 2023 8 9 221 11.9 28.4 17.713179555189086 -999.9 -999.9 1.7666666666666668 19.733333333333334 -999.99
weather 2023 8 10 222 15.4 31.1 28.297648091913697 -999.9 -999.9 1.7791666666666668 22.25 -999.99
weather 2023 8 11 223 16.5 28.700000000000003 16.425079376621127 -999.9 -999.9 1.679166666666667 22.325000000000003 -999.99
weather 2023 8 12 224 17.400000000000002 25.9 10.041900471338495 -999.9 -999.9 1.8375000000000001 21.55 -999.99
weather 2023 8 13 225 15.8 24.3 13.951335569853065 -999.9 -999.9 2.504166666666667 20.191666666666666 -999.99
weather 2023 8 14 226 10.5 27.5 30.568831485708795 -999.9 -999.9 1.6000000000000003 18.25 -999.99
weather 2023 8 15 227 12.7 32.800000000000004 17.275926037049356 -999.9 -999.9 1.9208333333333334 21.333333333333332 -999.99
weather 2023 8 16 228 16.400000000000002 32.1 18.26901967657749 -999.9 -999.9 2.1958333333333333 23.729166666666668 -999.99
weather 2023 8 17 229 14.7 33.5 8.189608358655667 -999.9 -999.9 2.004166666666667 23.695833333333336 -999.99
weather 2023 8 18 230 18.6 32.6 15.46597252116807 -999.9 -999.9 2.8833333333333333 24.9875 -999.99
weather 2023 8 19 231 16.8 34.5 29.17171203059097 -999.9 -999.9 2.654166666666667 24.770833333333332 -999.99
weather 2023 8 20 232 13.9 33.9 24.902368276665666 -999.9 -999.9 2.3833333333333333 23.712500000000002 -999.99
weather 2023 8 21 233 17.400000000000002 35.7 11.209997233460664 -999.9 -999.9 3.6333333333333333 25.754166666666666 -999.99
weather 2023 8 22 234 18.6 33.7 24.277677009695463 -999.9 -999.9 3.045833333333334 25.92916666666667 -999.99
weather 2023 8 23 235 17.1 32.4 31.489373157013286 -999.9 -999.9 2.3708333333333336 24.65833333333333 -999.99
weather 2023 8 24 236 17.2 30.8 20.774884110986804 -999.9 -999.9 1.7583333333333335 23.745833333333334 -999.99
weather 2023 8 25 237 16.6 24.8 14.099068089442856 -999.9 -999.9 1.9208333333333334 20.195833333333336 -999.99
weather 2023 8 26 238 13.3 26.1 30.670321171230515 -999.9 -999.9 1.9708333333333334 18.370833333333334 -999.99
weather 2023 8 27 239 14.8 29.200000000000003 25.022370080136355 -999.9 -999.9 1.7041666666666668 21.279166666666665 -999.99
weather 2023 8 28 240 14.2 27.3 24.156162937731175 -999.9 -999.9 2.1708333333333334 19.875 -999.99
weather 2023 8 29 241 12.2 27.9 28.751517951185026 -999.9 -999.9 1.5666666666666667 19.3875 -999.99
weather 2023 8 30 242 13.3 33.4 24.00676298665257 -999.9 -999.9 1.7583333333333335 22.004166666666666 -999.99
weather 2023 8 31 243 14.3 33.800000000000004 32.02784417111907 -999.9 -999.9 1.8875000000000002 23.979166666666668 -999.99
