1.254153000000000000e+06
1.255412000000000000e+06
1.255413000000000000e+06
1.255414000000000000e+06
1.256679000000000000e+06
1.256680000000000000e+06
1.256681000000000000e+06
1.257946000000000000e+06
1.257947000000000000e+06
1.257948000000000000e+06
1.259208000000000000e+06
1.259209000000000000e+06
1.259210000000000000e+06
1.259211000000000000e+06
1.259214000000000000e+06
1.259215000000000000e+06
1.259216000000000000e+06
1.259217000000000000e+06
1.260465000000000000e+06
1.260466000000000000e+06
1.260467000000000000e+06
1.260468000000000000e+06
1.260469000000000000e+06
1.260470000000000000e+06
1.260471000000000000e+06
1.260472000000000000e+06
1.260473000000000000e+06
1.260474000000000000e+06
1.260475000000000000e+06
1.260476000000000000e+06
1.260477000000000000e+06
1.260478000000000000e+06
1.260479000000000000e+06
1.260480000000000000e+06
1.260481000000000000e+06
1.260483000000000000e+06
1.260484000000000000e+06
1.260485000000000000e+06
1.261735000000000000e+06
1.261736000000000000e+06
1.261737000000000000e+06
1.261738000000000000e+06
1.261739000000000000e+06
1.261740000000000000e+06
1.261741000000000000e+06
1.261742000000000000e+06
1.261743000000000000e+06
1.261744000000000000e+06
1.261745000000000000e+06
1.261746000000000000e+06
1.261747000000000000e+06
1.261748000000000000e+06
1.261749000000000000e+06
1.261750000000000000e+06
1.261751000000000000e+06
1.261752000000000000e+06
1.261753000000000000e+06
1.261754000000000000e+06
1.261755000000000000e+06
1.261756000000000000e+06
1.261757000000000000e+06
1.261758000000000000e+06
1.263005000000000000e+06
1.263006000000000000e+06
1.263007000000000000e+06
1.263008000000000000e+06
1.263009000000000000e+06
1.263010000000000000e+06
1.263011000000000000e+06
1.263012000000000000e+06
1.263013000000000000e+06
1.263014000000000000e+06
1.263015000000000000e+06
1.263016000000000000e+06
1.263017000000000000e+06
1.263018000000000000e+06
1.263019000000000000e+06
1.263020000000000000e+06
1.263021000000000000e+06
1.263022000000000000e+06
1.263023000000000000e+06
1.263024000000000000e+06
1.263025000000000000e+06
1.263026000000000000e+06
1.263027000000000000e+06
1.263028000000000000e+06
1.264275000000000000e+06
1.264276000000000000e+06
1.264277000000000000e+06
1.264278000000000000e+06
1.264279000000000000e+06
1.264280000000000000e+06
1.264281000000000000e+06
1.264282000000000000e+06
1.264283000000000000e+06
1.264284000000000000e+06
1.264285000000000000e+06
1.264286000000000000e+06
1.264287000000000000e+06
1.264288000000000000e+06
1.264289000000000000e+06
1.264290000000000000e+06
1.264291000000000000e+06
1.264292000000000000e+06
1.264293000000000000e+06
1.264294000000000000e+06
1.264295000000000000e+06
1.264296000000000000e+06
1.264297000000000000e+06
1.264298000000000000e+06
1.265546000000000000e+06
1.265547000000000000e+06
1.265548000000000000e+06
1.265549000000000000e+06
1.265550000000000000e+06
1.265551000000000000e+06
1.265552000000000000e+06
1.265553000000000000e+06
1.265554000000000000e+06
1.265555000000000000e+06
1.265556000000000000e+06
1.265557000000000000e+06
1.265558000000000000e+06
1.265559000000000000e+06
1.265560000000000000e+06
1.265561000000000000e+06
1.265562000000000000e+06
1.265563000000000000e+06
1.265564000000000000e+06
1.265565000000000000e+06
1.265566000000000000e+06
1.265567000000000000e+06
1.265568000000000000e+06
1.266824000000000000e+06
1.266825000000000000e+06
1.266826000000000000e+06
1.266827000000000000e+06
1.266828000000000000e+06
1.266829000000000000e+06
1.266830000000000000e+06
1.266831000000000000e+06
1.266832000000000000e+06
1.266833000000000000e+06
1.266834000000000000e+06
1.266835000000000000e+06
1.266836000000000000e+06
1.266837000000000000e+06
1.266838000000000000e+06
1.266839000000000000e+06
1.266840000000000000e+06
1.266841000000000000e+06
1.266842000000000000e+06
1.266843000000000000e+06
1.266844000000000000e+06
1.266845000000000000e+06
1.266846000000000000e+06
1.268103000000000000e+06
1.268104000000000000e+06
1.268105000000000000e+06
1.268106000000000000e+06
1.268107000000000000e+06
1.268108000000000000e+06
1.268109000000000000e+06
1.268110000000000000e+06
1.268111000000000000e+06
1.268112000000000000e+06
1.268113000000000000e+06
1.268114000000000000e+06
1.268115000000000000e+06
1.268116000000000000e+06
1.268117000000000000e+06
1.268118000000000000e+06
1.268119000000000000e+06
1.268120000000000000e+06
1.268121000000000000e+06
1.268122000000000000e+06
1.268123000000000000e+06
1.268124000000000000e+06
1.268125000000000000e+06
1.269385000000000000e+06
1.269386000000000000e+06
1.269387000000000000e+06
1.269388000000000000e+06
1.269389000000000000e+06
1.269390000000000000e+06
1.269391000000000000e+06
1.269392000000000000e+06
1.269393000000000000e+06
1.269394000000000000e+06
1.269395000000000000e+06
1.269396000000000000e+06
1.269397000000000000e+06
1.269398000000000000e+06
1.269399000000000000e+06
1.269400000000000000e+06
1.269401000000000000e+06
1.269402000000000000e+06
1.269403000000000000e+06
1.269404000000000000e+06
1.269405000000000000e+06
1.269406000000000000e+06
1.270670000000000000e+06
1.270671000000000000e+06
1.270672000000000000e+06
1.270673000000000000e+06
1.270674000000000000e+06
1.270675000000000000e+06
1.270676000000000000e+06
1.270677000000000000e+06
1.270678000000000000e+06
1.270679000000000000e+06
1.270680000000000000e+06
1.270681000000000000e+06
1.270682000000000000e+06
1.270683000000000000e+06
1.270684000000000000e+06
1.270685000000000000e+06
1.270686000000000000e+06
1.270687000000000000e+06
1.270688000000000000e+06
1.270689000000000000e+06
1.270690000000000000e+06
1.270691000000000000e+06
1.271956000000000000e+06
1.271957000000000000e+06
1.271958000000000000e+06
1.271959000000000000e+06
1.271960000000000000e+06
1.271961000000000000e+06
1.271962000000000000e+06
1.271963000000000000e+06
1.271964000000000000e+06
1.271965000000000000e+06
1.271966000000000000e+06
1.271967000000000000e+06
1.271968000000000000e+06
1.271969000000000000e+06
1.271970000000000000e+06
1.271971000000000000e+06
1.271972000000000000e+06
1.271973000000000000e+06
1.271974000000000000e+06
1.271975000000000000e+06
1.271976000000000000e+06
1.271977000000000000e+06
1.273248000000000000e+06
1.273249000000000000e+06
1.273250000000000000e+06
1.273251000000000000e+06
1.273252000000000000e+06
1.273253000000000000e+06
1.273254000000000000e+06
1.273255000000000000e+06
1.273256000000000000e+06
1.273257000000000000e+06
1.273258000000000000e+06
1.273259000000000000e+06
1.273260000000000000e+06
1.273261000000000000e+06
1.273262000000000000e+06
1.273263000000000000e+06
1.273264000000000000e+06
1.273265000000000000e+06
1.273266000000000000e+06
1.273267000000000000e+06
1.273268000000000000e+06
1.274542000000000000e+06
1.274543000000000000e+06
1.274544000000000000e+06
1.274545000000000000e+06
1.274546000000000000e+06
1.274547000000000000e+06
1.274548000000000000e+06
1.274549000000000000e+06
1.274550000000000000e+06
1.274551000000000000e+06
1.274552000000000000e+06
1.274553000000000000e+06
1.274554000000000000e+06
1.274555000000000000e+06
1.274556000000000000e+06
1.274557000000000000e+06
1.274558000000000000e+06
1.274559000000000000e+06
1.274560000000000000e+06
1.274561000000000000e+06
1.274562000000000000e+06
1.275839000000000000e+06
1.275840000000000000e+06
1.275841000000000000e+06
1.275842000000000000e+06
1.275843000000000000e+06
1.275844000000000000e+06
1.275845000000000000e+06
1.275846000000000000e+06
1.275847000000000000e+06
1.275848000000000000e+06
1.275849000000000000e+06
1.275850000000000000e+06
1.275851000000000000e+06
1.275852000000000000e+06
1.275853000000000000e+06
1.275854000000000000e+06
1.275855000000000000e+06
1.275856000000000000e+06
1.275857000000000000e+06
1.275858000000000000e+06
1.275859000000000000e+06
1.277139000000000000e+06
1.277140000000000000e+06
1.277141000000000000e+06
1.277142000000000000e+06
1.277143000000000000e+06
1.277144000000000000e+06
1.277145000000000000e+06
1.277146000000000000e+06
1.277147000000000000e+06
1.277148000000000000e+06
1.277149000000000000e+06
1.277150000000000000e+06
1.277151000000000000e+06
1.277152000000000000e+06
1.277153000000000000e+06
1.277154000000000000e+06
1.277155000000000000e+06
1.277156000000000000e+06
1.277157000000000000e+06
1.277158000000000000e+06
1.278443000000000000e+06
1.278444000000000000e+06
1.278445000000000000e+06
1.278446000000000000e+06
1.278447000000000000e+06
1.278448000000000000e+06
1.278449000000000000e+06
1.278450000000000000e+06
1.278451000000000000e+06
1.278452000000000000e+06
1.278453000000000000e+06
1.278454000000000000e+06
1.278455000000000000e+06
1.278456000000000000e+06
1.278457000000000000e+06
1.278458000000000000e+06
1.278459000000000000e+06
1.278460000000000000e+06
1.278461000000000000e+06
1.279748000000000000e+06
1.279749000000000000e+06
1.279750000000000000e+06
1.279751000000000000e+06
1.279752000000000000e+06
1.279753000000000000e+06
1.279754000000000000e+06
1.279755000000000000e+06
1.279756000000000000e+06
1.279757000000000000e+06
1.279758000000000000e+06
1.279759000000000000e+06
1.279760000000000000e+06
1.279761000000000000e+06
1.279762000000000000e+06
1.279763000000000000e+06
1.279764000000000000e+06
1.279765000000000000e+06
1.279766000000000000e+06
1.279767000000000000e+06
1.281050000000000000e+06
1.281051000000000000e+06
1.281052000000000000e+06
1.281053000000000000e+06
1.281054000000000000e+06
1.281055000000000000e+06
1.281056000000000000e+06
1.281057000000000000e+06
1.281058000000000000e+06
1.281059000000000000e+06
1.281060000000000000e+06
1.281061000000000000e+06
1.281062000000000000e+06
1.281063000000000000e+06
1.281064000000000000e+06
1.281065000000000000e+06
1.281066000000000000e+06
1.281067000000000000e+06
1.281068000000000000e+06
1.281069000000000000e+06
1.282350000000000000e+06
1.282351000000000000e+06
1.282352000000000000e+06
1.282353000000000000e+06
1.282354000000000000e+06
1.282355000000000000e+06
1.282356000000000000e+06
1.282357000000000000e+06
1.282358000000000000e+06
1.282359000000000000e+06
1.282360000000000000e+06
1.282361000000000000e+06
1.282362000000000000e+06
1.282363000000000000e+06
1.282364000000000000e+06
1.282365000000000000e+06
1.282366000000000000e+06
1.282367000000000000e+06
1.282368000000000000e+06
1.283650000000000000e+06
1.283651000000000000e+06
1.283652000000000000e+06
1.283653000000000000e+06
1.283654000000000000e+06
1.283655000000000000e+06
1.283656000000000000e+06
1.283657000000000000e+06
1.283658000000000000e+06
1.283659000000000000e+06
1.283660000000000000e+06
1.283661000000000000e+06
1.283662000000000000e+06
1.283663000000000000e+06
1.283664000000000000e+06
1.283665000000000000e+06
1.283666000000000000e+06
1.283667000000000000e+06
1.284940000000000000e+06
1.284941000000000000e+06
1.284942000000000000e+06
1.284943000000000000e+06
1.284944000000000000e+06
1.284945000000000000e+06
1.284946000000000000e+06
1.284947000000000000e+06
1.284948000000000000e+06
1.284949000000000000e+06
1.284950000000000000e+06
1.284951000000000000e+06
1.284952000000000000e+06
1.284953000000000000e+06
1.284954000000000000e+06
1.284955000000000000e+06
1.284956000000000000e+06
1.284957000000000000e+06
1.284958000000000000e+06
1.286231000000000000e+06
1.286232000000000000e+06
1.286233000000000000e+06
1.286234000000000000e+06
1.286235000000000000e+06
1.286236000000000000e+06
1.286237000000000000e+06
1.286238000000000000e+06
1.286239000000000000e+06
1.286240000000000000e+06
1.286241000000000000e+06
1.286242000000000000e+06
1.286243000000000000e+06
1.286244000000000000e+06
1.286245000000000000e+06
1.286246000000000000e+06
1.286247000000000000e+06
1.286248000000000000e+06
1.286249000000000000e+06
1.286250000000000000e+06
1.287511000000000000e+06
1.287512000000000000e+06
1.287513000000000000e+06
1.287514000000000000e+06
1.287515000000000000e+06
1.287516000000000000e+06
1.287517000000000000e+06
1.287518000000000000e+06
1.287519000000000000e+06
1.287520000000000000e+06
1.287521000000000000e+06
1.287522000000000000e+06
1.287523000000000000e+06
1.287524000000000000e+06
1.287525000000000000e+06
1.287526000000000000e+06
1.287527000000000000e+06
1.287528000000000000e+06
1.287529000000000000e+06
1.288802000000000000e+06
1.288803000000000000e+06
1.288804000000000000e+06
1.288805000000000000e+06
1.288806000000000000e+06
1.288807000000000000e+06
1.288808000000000000e+06
1.288809000000000000e+06
1.288810000000000000e+06
1.288811000000000000e+06
1.288812000000000000e+06
1.288813000000000000e+06
1.288814000000000000e+06
1.288815000000000000e+06
1.288816000000000000e+06
1.288817000000000000e+06
1.288818000000000000e+06
1.288819000000000000e+06
1.288820000000000000e+06
1.290094000000000000e+06
1.290095000000000000e+06
1.290096000000000000e+06
1.290097000000000000e+06
1.290098000000000000e+06
1.290099000000000000e+06
1.290100000000000000e+06
1.290101000000000000e+06
1.290102000000000000e+06
1.290103000000000000e+06
1.290104000000000000e+06
1.290105000000000000e+06
1.290106000000000000e+06
1.290107000000000000e+06
1.290108000000000000e+06
1.290109000000000000e+06
1.290110000000000000e+06
1.290111000000000000e+06
1.290112000000000000e+06
1.291387000000000000e+06
1.291388000000000000e+06
1.291389000000000000e+06
1.291390000000000000e+06
1.291391000000000000e+06
1.291392000000000000e+06
1.291393000000000000e+06
1.291394000000000000e+06
1.291395000000000000e+06
1.291396000000000000e+06
1.291397000000000000e+06
1.291398000000000000e+06
1.291399000000000000e+06
1.291400000000000000e+06
1.291401000000000000e+06
1.291402000000000000e+06
1.291403000000000000e+06
1.291404000000000000e+06
1.291405000000000000e+06
1.292668000000000000e+06
1.292669000000000000e+06
1.292670000000000000e+06
1.292671000000000000e+06
1.292672000000000000e+06
1.292673000000000000e+06
1.292674000000000000e+06
1.292675000000000000e+06
1.292676000000000000e+06
1.292677000000000000e+06
1.292678000000000000e+06
1.292679000000000000e+06
1.292680000000000000e+06
1.292681000000000000e+06
1.292682000000000000e+06
1.292683000000000000e+06
1.292684000000000000e+06
1.292685000000000000e+06
1.292686000000000000e+06
1.293954000000000000e+06
1.293955000000000000e+06
1.293956000000000000e+06
1.293957000000000000e+06
1.293958000000000000e+06
1.293959000000000000e+06
1.293960000000000000e+06
1.293961000000000000e+06
1.293962000000000000e+06
1.293963000000000000e+06
1.293964000000000000e+06
1.293965000000000000e+06
1.293966000000000000e+06
1.293967000000000000e+06
1.293968000000000000e+06
1.293969000000000000e+06
1.293970000000000000e+06
1.293971000000000000e+06
1.293972000000000000e+06
1.295241000000000000e+06
1.295242000000000000e+06
1.295243000000000000e+06
1.295244000000000000e+06
1.295245000000000000e+06
1.295246000000000000e+06
1.295247000000000000e+06
1.295248000000000000e+06
1.295249000000000000e+06
1.295250000000000000e+06
1.295251000000000000e+06
1.295252000000000000e+06
1.295253000000000000e+06
1.295254000000000000e+06
1.295255000000000000e+06
1.295256000000000000e+06
1.295257000000000000e+06
1.295258000000000000e+06
1.295259000000000000e+06
1.296528000000000000e+06
1.296529000000000000e+06
1.296530000000000000e+06
1.296531000000000000e+06
1.296532000000000000e+06
1.296533000000000000e+06
1.296534000000000000e+06
1.296535000000000000e+06
1.296536000000000000e+06
1.296537000000000000e+06
1.296538000000000000e+06
1.296539000000000000e+06
1.296540000000000000e+06
1.296541000000000000e+06
1.296542000000000000e+06
1.296543000000000000e+06
1.296544000000000000e+06
1.296545000000000000e+06
1.296546000000000000e+06
1.297814000000000000e+06
1.297815000000000000e+06
1.297816000000000000e+06
1.297817000000000000e+06
1.297818000000000000e+06
1.297819000000000000e+06
1.297820000000000000e+06
1.297821000000000000e+06
1.297822000000000000e+06
1.297823000000000000e+06
1.297824000000000000e+06
1.297825000000000000e+06
1.297826000000000000e+06
1.297827000000000000e+06
1.297828000000000000e+06
1.297829000000000000e+06
1.297830000000000000e+06
1.297831000000000000e+06
1.299104000000000000e+06
1.299105000000000000e+06
1.299106000000000000e+06
1.299107000000000000e+06
1.299108000000000000e+06
1.299109000000000000e+06
1.299110000000000000e+06
1.299111000000000000e+06
1.299112000000000000e+06
1.299113000000000000e+06
1.299114000000000000e+06
1.299115000000000000e+06
1.299116000000000000e+06
1.299117000000000000e+06
1.299118000000000000e+06
1.299119000000000000e+06
1.299120000000000000e+06
1.299121000000000000e+06
1.299122000000000000e+06
1.300395000000000000e+06
1.300396000000000000e+06
1.300397000000000000e+06
1.300398000000000000e+06
1.300399000000000000e+06
1.300400000000000000e+06
1.300401000000000000e+06
1.300402000000000000e+06
1.300403000000000000e+06
1.300404000000000000e+06
1.300405000000000000e+06
1.300406000000000000e+06
1.300407000000000000e+06
1.300408000000000000e+06
1.300409000000000000e+06
1.300410000000000000e+06
1.300411000000000000e+06
1.300412000000000000e+06
1.300413000000000000e+06
1.301687000000000000e+06
1.301688000000000000e+06
1.301689000000000000e+06
1.301690000000000000e+06
1.301691000000000000e+06
1.301692000000000000e+06
1.301693000000000000e+06
1.301694000000000000e+06
1.301695000000000000e+06
1.301696000000000000e+06
1.301697000000000000e+06
1.301698000000000000e+06
1.301699000000000000e+06
1.301700000000000000e+06
1.301701000000000000e+06
1.301702000000000000e+06
1.301703000000000000e+06
1.301704000000000000e+06
1.302977000000000000e+06
1.302978000000000000e+06
1.302979000000000000e+06
1.302980000000000000e+06
1.302981000000000000e+06
1.302982000000000000e+06
1.302983000000000000e+06
1.302984000000000000e+06
1.302985000000000000e+06
1.302986000000000000e+06
1.302987000000000000e+06
1.302988000000000000e+06
1.302989000000000000e+06
1.302990000000000000e+06
1.302991000000000000e+06
1.302992000000000000e+06
1.302993000000000000e+06
1.304268000000000000e+06
1.304269000000000000e+06
1.304270000000000000e+06
1.304271000000000000e+06
1.304272000000000000e+06
1.304273000000000000e+06
1.304274000000000000e+06
1.304275000000000000e+06
1.304276000000000000e+06
1.304277000000000000e+06
1.304278000000000000e+06
1.304279000000000000e+06
1.304280000000000000e+06
1.304281000000000000e+06
1.304282000000000000e+06
1.304283000000000000e+06
1.304284000000000000e+06
1.304285000000000000e+06
1.305561000000000000e+06
1.305562000000000000e+06
1.305563000000000000e+06
1.305564000000000000e+06
1.305565000000000000e+06
1.305566000000000000e+06
1.305567000000000000e+06
1.305568000000000000e+06
1.305569000000000000e+06
1.305570000000000000e+06
1.305571000000000000e+06
1.305572000000000000e+06
1.305573000000000000e+06
1.305574000000000000e+06
1.305575000000000000e+06
1.305576000000000000e+06
1.305577000000000000e+06
1.305578000000000000e+06
1.306855000000000000e+06
1.306856000000000000e+06
1.306857000000000000e+06
1.306858000000000000e+06
1.306859000000000000e+06
1.306860000000000000e+06
1.306861000000000000e+06
1.306862000000000000e+06
1.306863000000000000e+06
1.306864000000000000e+06
1.306865000000000000e+06
1.306866000000000000e+06
1.306867000000000000e+06
1.306868000000000000e+06
1.306869000000000000e+06
1.306870000000000000e+06
1.306871000000000000e+06
1.306872000000000000e+06
1.308152000000000000e+06
1.308153000000000000e+06
1.308154000000000000e+06
1.308155000000000000e+06
1.308156000000000000e+06
1.308157000000000000e+06
1.308158000000000000e+06
1.308159000000000000e+06
1.308160000000000000e+06
1.308161000000000000e+06
1.308162000000000000e+06
1.308163000000000000e+06
1.308164000000000000e+06
1.308165000000000000e+06
1.308166000000000000e+06
1.308167000000000000e+06
1.308168000000000000e+06
1.308169000000000000e+06
1.309450000000000000e+06
1.309451000000000000e+06
1.309452000000000000e+06
1.309453000000000000e+06
1.309454000000000000e+06
1.309455000000000000e+06
1.309456000000000000e+06
1.309457000000000000e+06
1.309458000000000000e+06
1.309459000000000000e+06
1.309460000000000000e+06
1.309461000000000000e+06
1.309462000000000000e+06
1.309463000000000000e+06
1.309464000000000000e+06
1.309465000000000000e+06
1.309466000000000000e+06
1.310748000000000000e+06
1.310749000000000000e+06
1.310750000000000000e+06
1.310751000000000000e+06
1.310752000000000000e+06
1.310753000000000000e+06
1.310754000000000000e+06
1.310755000000000000e+06
1.310756000000000000e+06
1.310757000000000000e+06
1.310758000000000000e+06
1.310759000000000000e+06
1.310760000000000000e+06
1.310761000000000000e+06
1.310762000000000000e+06
1.310763000000000000e+06
1.310764000000000000e+06
1.312049000000000000e+06
1.312050000000000000e+06
1.312051000000000000e+06
1.312052000000000000e+06
1.312053000000000000e+06
1.312054000000000000e+06
1.312055000000000000e+06
1.312056000000000000e+06
1.312057000000000000e+06
1.312058000000000000e+06
1.312059000000000000e+06
1.312060000000000000e+06
1.312061000000000000e+06
1.312062000000000000e+06
1.312063000000000000e+06
1.312064000000000000e+06
1.312065000000000000e+06
1.313352000000000000e+06
1.313353000000000000e+06
1.313354000000000000e+06
1.313355000000000000e+06
1.313356000000000000e+06
1.313357000000000000e+06
1.313358000000000000e+06
1.313359000000000000e+06
1.313360000000000000e+06
1.313361000000000000e+06
1.313362000000000000e+06
1.313363000000000000e+06
1.313364000000000000e+06
1.313365000000000000e+06
1.313366000000000000e+06
1.313367000000000000e+06
1.313368000000000000e+06
1.313369000000000000e+06
1.314663000000000000e+06
1.314664000000000000e+06
1.314665000000000000e+06
1.314666000000000000e+06
1.314667000000000000e+06
1.314668000000000000e+06
1.314669000000000000e+06
1.314670000000000000e+06
1.314671000000000000e+06
1.314672000000000000e+06
1.314673000000000000e+06
1.314674000000000000e+06
1.314675000000000000e+06
1.314676000000000000e+06
1.314677000000000000e+06
