1.186392000000000000e+06
1.186393000000000000e+06
1.186394000000000000e+06
1.186395000000000000e+06
1.187744000000000000e+06
1.187745000000000000e+06
1.187746000000000000e+06
1.187747000000000000e+06
1.187748000000000000e+06
1.187749000000000000e+06
1.187750000000000000e+06
1.187751000000000000e+06
1.187752000000000000e+06
1.187753000000000000e+06
1.187754000000000000e+06
1.187755000000000000e+06
1.187756000000000000e+06
1.187757000000000000e+06
1.187758000000000000e+06
1.187759000000000000e+06
1.187760000000000000e+06
1.187761000000000000e+06
1.189104000000000000e+06
1.189105000000000000e+06
1.189106000000000000e+06
1.189107000000000000e+06
1.189108000000000000e+06
1.189109000000000000e+06
1.189110000000000000e+06
1.189111000000000000e+06
1.189112000000000000e+06
1.189113000000000000e+06
1.189114000000000000e+06
1.189115000000000000e+06
1.189116000000000000e+06
1.189117000000000000e+06
1.189118000000000000e+06
1.189119000000000000e+06
1.189120000000000000e+06
1.189121000000000000e+06
1.189122000000000000e+06
1.189123000000000000e+06
1.189124000000000000e+06
1.189125000000000000e+06
1.189126000000000000e+06
1.189127000000000000e+06
1.189128000000000000e+06
1.189129000000000000e+06
1.189130000000000000e+06
1.189131000000000000e+06
1.189132000000000000e+06
1.189133000000000000e+06
1.189134000000000000e+06
1.190471000000000000e+06
1.190472000000000000e+06
1.190473000000000000e+06
1.190474000000000000e+06
1.190475000000000000e+06
1.190476000000000000e+06
1.190477000000000000e+06
1.190478000000000000e+06
1.190479000000000000e+06
1.190480000000000000e+06
1.190481000000000000e+06
1.190482000000000000e+06
1.190483000000000000e+06
1.190484000000000000e+06
1.190485000000000000e+06
1.190486000000000000e+06
1.190487000000000000e+06
1.190488000000000000e+06
1.190489000000000000e+06
1.190490000000000000e+06
1.190491000000000000e+06
1.190492000000000000e+06
1.190493000000000000e+06
1.190494000000000000e+06
1.190495000000000000e+06
1.190496000000000000e+06
1.190497000000000000e+06
1.190498000000000000e+06
1.190499000000000000e+06
1.190500000000000000e+06
1.190501000000000000e+06
1.190502000000000000e+06
1.190503000000000000e+06
1.190504000000000000e+06
1.191838000000000000e+06
1.191839000000000000e+06
1.191840000000000000e+06
1.191841000000000000e+06
1.191842000000000000e+06
1.191843000000000000e+06
1.191844000000000000e+06
1.191845000000000000e+06
1.191846000000000000e+06
1.191847000000000000e+06
1.191848000000000000e+06
1.191849000000000000e+06
1.191850000000000000e+06
1.191851000000000000e+06
1.191852000000000000e+06
1.191853000000000000e+06
1.191854000000000000e+06
1.191855000000000000e+06
1.191856000000000000e+06
1.191857000000000000e+06
1.191858000000000000e+06
1.191859000000000000e+06
1.191860000000000000e+06
1.191861000000000000e+06
1.191862000000000000e+06
1.191863000000000000e+06
1.191864000000000000e+06
1.191865000000000000e+06
1.191866000000000000e+06
1.191867000000000000e+06
1.191868000000000000e+06
1.191869000000000000e+06
1.191870000000000000e+06
1.191871000000000000e+06
1.193201000000000000e+06
1.193202000000000000e+06
1.193203000000000000e+06
1.193204000000000000e+06
1.193205000000000000e+06
1.193206000000000000e+06
1.193207000000000000e+06
1.193208000000000000e+06
1.193209000000000000e+06
1.193210000000000000e+06
1.193211000000000000e+06
1.193212000000000000e+06
1.193213000000000000e+06
1.193214000000000000e+06
1.193215000000000000e+06
1.193216000000000000e+06
1.193217000000000000e+06
1.193218000000000000e+06
1.193219000000000000e+06
1.193220000000000000e+06
1.193221000000000000e+06
1.193222000000000000e+06
1.193223000000000000e+06
1.193224000000000000e+06
1.193225000000000000e+06
1.193226000000000000e+06
1.193227000000000000e+06
1.193228000000000000e+06
1.193229000000000000e+06
1.193230000000000000e+06
1.193231000000000000e+06
1.193232000000000000e+06
1.193233000000000000e+06
1.193234000000000000e+06
1.194555000000000000e+06
1.194556000000000000e+06
1.194557000000000000e+06
1.194558000000000000e+06
1.194559000000000000e+06
1.194561000000000000e+06
1.194562000000000000e+06
1.194565000000000000e+06
1.194566000000000000e+06
1.194567000000000000e+06
1.194568000000000000e+06
1.194569000000000000e+06
1.194570000000000000e+06
1.194571000000000000e+06
1.194572000000000000e+06
1.194573000000000000e+06
1.194574000000000000e+06
1.194575000000000000e+06
1.194576000000000000e+06
1.194577000000000000e+06
1.194578000000000000e+06
1.194579000000000000e+06
1.194580000000000000e+06
1.194581000000000000e+06
1.194582000000000000e+06
1.194583000000000000e+06
1.194584000000000000e+06
1.194585000000000000e+06
1.194586000000000000e+06
1.194587000000000000e+06
1.194588000000000000e+06
1.195910000000000000e+06
1.195911000000000000e+06
1.195912000000000000e+06
1.195921000000000000e+06
1.195922000000000000e+06
1.195923000000000000e+06
1.195924000000000000e+06
1.195925000000000000e+06
1.195926000000000000e+06
1.195927000000000000e+06
1.195928000000000000e+06
1.195929000000000000e+06
1.195930000000000000e+06
1.195931000000000000e+06
1.195932000000000000e+06
1.195933000000000000e+06
1.195934000000000000e+06
1.195935000000000000e+06
1.195936000000000000e+06
1.195937000000000000e+06
1.195938000000000000e+06
1.195939000000000000e+06
1.195940000000000000e+06
1.195941000000000000e+06
1.195942000000000000e+06
1.195943000000000000e+06
1.197252000000000000e+06
1.197253000000000000e+06
1.197265000000000000e+06
1.197266000000000000e+06
1.197267000000000000e+06
1.197268000000000000e+06
1.197269000000000000e+06
1.197270000000000000e+06
1.197271000000000000e+06
1.197272000000000000e+06
1.197273000000000000e+06
1.197274000000000000e+06
1.197275000000000000e+06
1.197276000000000000e+06
1.197277000000000000e+06
1.197278000000000000e+06
1.197279000000000000e+06
1.197280000000000000e+06
1.197281000000000000e+06
1.197282000000000000e+06
1.197283000000000000e+06
1.197284000000000000e+06
1.197285000000000000e+06
1.198605000000000000e+06
1.198606000000000000e+06
1.198607000000000000e+06
1.198608000000000000e+06
1.198609000000000000e+06
1.198610000000000000e+06
1.198611000000000000e+06
1.198612000000000000e+06
1.198613000000000000e+06
1.198614000000000000e+06
1.198615000000000000e+06
1.198616000000000000e+06
1.198617000000000000e+06
1.198618000000000000e+06
1.198619000000000000e+06
1.198620000000000000e+06
1.198621000000000000e+06
1.198622000000000000e+06
1.198623000000000000e+06
1.198624000000000000e+06
1.199954000000000000e+06
1.199955000000000000e+06
1.199956000000000000e+06
1.199957000000000000e+06
1.199958000000000000e+06
1.199959000000000000e+06
1.199960000000000000e+06
1.199961000000000000e+06
1.199962000000000000e+06
1.199963000000000000e+06
1.199964000000000000e+06
1.199965000000000000e+06
1.199966000000000000e+06
1.199967000000000000e+06
1.201288000000000000e+06
1.201289000000000000e+06
1.201290000000000000e+06
1.201291000000000000e+06
1.201292000000000000e+06
1.201293000000000000e+06
1.201294000000000000e+06
1.201295000000000000e+06
1.201296000000000000e+06
1.201297000000000000e+06
1.201298000000000000e+06
1.201299000000000000e+06
1.201300000000000000e+06
1.201301000000000000e+06
1.202621000000000000e+06
1.202622000000000000e+06
1.202623000000000000e+06
1.202624000000000000e+06
1.202625000000000000e+06
1.202626000000000000e+06
1.202627000000000000e+06
1.202628000000000000e+06
1.202629000000000000e+06
1.202630000000000000e+06
1.202631000000000000e+06
1.203944000000000000e+06
1.203945000000000000e+06
1.203946000000000000e+06
1.203947000000000000e+06
1.203948000000000000e+06
1.203949000000000000e+06
1.203950000000000000e+06
1.203951000000000000e+06
1.203952000000000000e+06
1.203953000000000000e+06
1.205259000000000000e+06
1.205260000000000000e+06
1.205261000000000000e+06
1.205262000000000000e+06
1.205263000000000000e+06
1.205264000000000000e+06
1.205265000000000000e+06
1.205266000000000000e+06
1.205267000000000000e+06
1.206573000000000000e+06
1.206574000000000000e+06
1.206575000000000000e+06
1.206576000000000000e+06
1.206577000000000000e+06
1.206578000000000000e+06
1.206579000000000000e+06
1.206580000000000000e+06
1.206581000000000000e+06
1.207886000000000000e+06
1.207887000000000000e+06
1.207889000000000000e+06
1.207891000000000000e+06
1.207892000000000000e+06
1.207893000000000000e+06
1.207894000000000000e+06
1.209199000000000000e+06
1.209200000000000000e+06
1.209204000000000000e+06
1.209205000000000000e+06
1.209206000000000000e+06
1.209207000000000000e+06
1.210519000000000000e+06
1.210520000000000000e+06
1.210521000000000000e+06
1.210522000000000000e+06
