1.260460000000000000e+06
1.261730000000000000e+06
1.261731000000000000e+06
1.261732000000000000e+06
1.261733000000000000e+06
1.261734000000000000e+06
1.262997000000000000e+06
1.262998000000000000e+06
1.262999000000000000e+06
1.263000000000000000e+06
1.263001000000000000e+06
1.263002000000000000e+06
1.263003000000000000e+06
1.263004000000000000e+06
1.264265000000000000e+06
1.264266000000000000e+06
1.264267000000000000e+06
1.264268000000000000e+06
1.264269000000000000e+06
1.264270000000000000e+06
1.264271000000000000e+06
1.264272000000000000e+06
1.264273000000000000e+06
1.264274000000000000e+06
1.265533000000000000e+06
1.265534000000000000e+06
1.265535000000000000e+06
1.265536000000000000e+06
1.265537000000000000e+06
1.265538000000000000e+06
1.265539000000000000e+06
1.265540000000000000e+06
1.265541000000000000e+06
1.265542000000000000e+06
1.265543000000000000e+06
1.265544000000000000e+06
1.265545000000000000e+06
1.266808000000000000e+06
1.266809000000000000e+06
1.266810000000000000e+06
1.266811000000000000e+06
1.266812000000000000e+06
1.266813000000000000e+06
1.266814000000000000e+06
1.266815000000000000e+06
1.266816000000000000e+06
1.266817000000000000e+06
1.266818000000000000e+06
1.266819000000000000e+06
1.266820000000000000e+06
1.266821000000000000e+06
1.266822000000000000e+06
1.266823000000000000e+06
1.268085000000000000e+06
1.268086000000000000e+06
1.268087000000000000e+06
1.268088000000000000e+06
1.268089000000000000e+06
1.268090000000000000e+06
1.268091000000000000e+06
1.268092000000000000e+06
1.268093000000000000e+06
1.268094000000000000e+06
1.268095000000000000e+06
1.268096000000000000e+06
1.268097000000000000e+06
1.268098000000000000e+06
1.268099000000000000e+06
1.268100000000000000e+06
1.268101000000000000e+06
1.268102000000000000e+06
1.269367000000000000e+06
1.269368000000000000e+06
1.269369000000000000e+06
1.269370000000000000e+06
1.269371000000000000e+06
1.269372000000000000e+06
1.269373000000000000e+06
1.269374000000000000e+06
1.269375000000000000e+06
1.269376000000000000e+06
1.269377000000000000e+06
1.269378000000000000e+06
1.269379000000000000e+06
1.269380000000000000e+06
1.269381000000000000e+06
1.269382000000000000e+06
1.269383000000000000e+06
1.269384000000000000e+06
1.270652000000000000e+06
1.270653000000000000e+06
1.270654000000000000e+06
1.270655000000000000e+06
1.270656000000000000e+06
1.270657000000000000e+06
1.270658000000000000e+06
1.270659000000000000e+06
1.270660000000000000e+06
1.270661000000000000e+06
1.270662000000000000e+06
1.270663000000000000e+06
1.270664000000000000e+06
1.270665000000000000e+06
1.270666000000000000e+06
1.270667000000000000e+06
1.270668000000000000e+06
1.270669000000000000e+06
1.271938000000000000e+06
1.271939000000000000e+06
1.271940000000000000e+06
1.271941000000000000e+06
1.271942000000000000e+06
1.271943000000000000e+06
1.271944000000000000e+06
1.271945000000000000e+06
1.271946000000000000e+06
1.271947000000000000e+06
1.271948000000000000e+06
1.271949000000000000e+06
1.271950000000000000e+06
1.271951000000000000e+06
1.271952000000000000e+06
1.271953000000000000e+06
1.271954000000000000e+06
1.271955000000000000e+06
1.273230000000000000e+06
1.273231000000000000e+06
1.273232000000000000e+06
1.273233000000000000e+06
1.273234000000000000e+06
1.273235000000000000e+06
1.273236000000000000e+06
1.273237000000000000e+06
1.273238000000000000e+06
1.273239000000000000e+06
1.273240000000000000e+06
1.273241000000000000e+06
1.273242000000000000e+06
1.273243000000000000e+06
1.273244000000000000e+06
1.273245000000000000e+06
1.273246000000000000e+06
1.273247000000000000e+06
1.274524000000000000e+06
1.274525000000000000e+06
1.274526000000000000e+06
1.274527000000000000e+06
1.274528000000000000e+06
1.274529000000000000e+06
1.274530000000000000e+06
1.274531000000000000e+06
1.274532000000000000e+06
1.274533000000000000e+06
1.274534000000000000e+06
1.274535000000000000e+06
1.274536000000000000e+06
1.274537000000000000e+06
1.274538000000000000e+06
1.274539000000000000e+06
1.274540000000000000e+06
1.274541000000000000e+06
1.275821000000000000e+06
1.275822000000000000e+06
1.275823000000000000e+06
1.275824000000000000e+06
1.275825000000000000e+06
1.275826000000000000e+06
1.275827000000000000e+06
1.275828000000000000e+06
1.275829000000000000e+06
1.275830000000000000e+06
1.275831000000000000e+06
1.275832000000000000e+06
1.275833000000000000e+06
1.275834000000000000e+06
1.275835000000000000e+06
1.275836000000000000e+06
1.275837000000000000e+06
1.275838000000000000e+06
1.277121000000000000e+06
1.277122000000000000e+06
1.277123000000000000e+06
1.277124000000000000e+06
1.277125000000000000e+06
1.277126000000000000e+06
1.277127000000000000e+06
1.277128000000000000e+06
1.277129000000000000e+06
1.277130000000000000e+06
1.277131000000000000e+06
1.277132000000000000e+06
1.277133000000000000e+06
1.277134000000000000e+06
1.277135000000000000e+06
1.277136000000000000e+06
1.277137000000000000e+06
1.277138000000000000e+06
1.278425000000000000e+06
1.278426000000000000e+06
1.278427000000000000e+06
1.278428000000000000e+06
1.278429000000000000e+06
1.278430000000000000e+06
1.278431000000000000e+06
1.278432000000000000e+06
1.278433000000000000e+06
1.278434000000000000e+06
1.278435000000000000e+06
1.278436000000000000e+06
1.278437000000000000e+06
1.278438000000000000e+06
1.278439000000000000e+06
1.278440000000000000e+06
1.278441000000000000e+06
1.278442000000000000e+06
1.279730000000000000e+06
1.279731000000000000e+06
1.279732000000000000e+06
1.279733000000000000e+06
1.279734000000000000e+06
1.279735000000000000e+06
1.279736000000000000e+06
1.279737000000000000e+06
1.279738000000000000e+06
1.279739000000000000e+06
1.279740000000000000e+06
1.279741000000000000e+06
1.279742000000000000e+06
1.279743000000000000e+06
1.279744000000000000e+06
1.279745000000000000e+06
1.279746000000000000e+06
1.279747000000000000e+06
1.281032000000000000e+06
1.281033000000000000e+06
1.281034000000000000e+06
1.281035000000000000e+06
1.281036000000000000e+06
1.281037000000000000e+06
1.281038000000000000e+06
1.281039000000000000e+06
1.281040000000000000e+06
1.281041000000000000e+06
1.281042000000000000e+06
1.281043000000000000e+06
1.281044000000000000e+06
1.281045000000000000e+06
1.281046000000000000e+06
1.281047000000000000e+06
1.281048000000000000e+06
1.281049000000000000e+06
1.282332000000000000e+06
1.282333000000000000e+06
1.282334000000000000e+06
1.282335000000000000e+06
1.282336000000000000e+06
1.282337000000000000e+06
1.282338000000000000e+06
1.282339000000000000e+06
1.282340000000000000e+06
1.282341000000000000e+06
1.282342000000000000e+06
1.282343000000000000e+06
1.282344000000000000e+06
1.282345000000000000e+06
1.282346000000000000e+06
1.282347000000000000e+06
1.282348000000000000e+06
1.282349000000000000e+06
1.283631000000000000e+06
1.283632000000000000e+06
1.283633000000000000e+06
1.283634000000000000e+06
1.283635000000000000e+06
1.283636000000000000e+06
1.283637000000000000e+06
1.283638000000000000e+06
1.283639000000000000e+06
1.283640000000000000e+06
1.283641000000000000e+06
1.283642000000000000e+06
1.283643000000000000e+06
1.283644000000000000e+06
1.283645000000000000e+06
1.283646000000000000e+06
1.283647000000000000e+06
1.283648000000000000e+06
1.283649000000000000e+06
1.284922000000000000e+06
1.284923000000000000e+06
1.284924000000000000e+06
1.284925000000000000e+06
1.284926000000000000e+06
1.284927000000000000e+06
1.284928000000000000e+06
1.284929000000000000e+06
1.284930000000000000e+06
1.284931000000000000e+06
1.284932000000000000e+06
1.284933000000000000e+06
1.284934000000000000e+06
1.284935000000000000e+06
1.284936000000000000e+06
1.284937000000000000e+06
1.284938000000000000e+06
1.284939000000000000e+06
1.286213000000000000e+06
1.286214000000000000e+06
1.286215000000000000e+06
1.286216000000000000e+06
1.286217000000000000e+06
1.286218000000000000e+06
1.286219000000000000e+06
1.286220000000000000e+06
1.286221000000000000e+06
1.286222000000000000e+06
1.286223000000000000e+06
1.286224000000000000e+06
1.286225000000000000e+06
1.286226000000000000e+06
1.286227000000000000e+06
1.286228000000000000e+06
1.286229000000000000e+06
1.286230000000000000e+06
1.287493000000000000e+06
1.287494000000000000e+06
1.287495000000000000e+06
1.287496000000000000e+06
1.287497000000000000e+06
1.287498000000000000e+06
1.287499000000000000e+06
1.287500000000000000e+06
1.287501000000000000e+06
1.287502000000000000e+06
1.287503000000000000e+06
1.287504000000000000e+06
1.287505000000000000e+06
1.287506000000000000e+06
1.287507000000000000e+06
1.287508000000000000e+06
1.287509000000000000e+06
1.287510000000000000e+06
1.288784000000000000e+06
1.288785000000000000e+06
1.288786000000000000e+06
1.288787000000000000e+06
1.288788000000000000e+06
1.288789000000000000e+06
1.288790000000000000e+06
1.288791000000000000e+06
1.288792000000000000e+06
1.288793000000000000e+06
1.288794000000000000e+06
1.288795000000000000e+06
1.288796000000000000e+06
1.288797000000000000e+06
1.288798000000000000e+06
1.288799000000000000e+06
1.288800000000000000e+06
1.288801000000000000e+06
1.290076000000000000e+06
1.290077000000000000e+06
1.290078000000000000e+06
1.290079000000000000e+06
1.290080000000000000e+06
1.290081000000000000e+06
1.290082000000000000e+06
1.290083000000000000e+06
1.290084000000000000e+06
1.290085000000000000e+06
1.290086000000000000e+06
1.290087000000000000e+06
1.290088000000000000e+06
1.290089000000000000e+06
1.290090000000000000e+06
1.290091000000000000e+06
1.290092000000000000e+06
1.290093000000000000e+06
1.291370000000000000e+06
1.291371000000000000e+06
1.291372000000000000e+06
1.291373000000000000e+06
1.291374000000000000e+06
1.291375000000000000e+06
1.291376000000000000e+06
1.291377000000000000e+06
1.291378000000000000e+06
1.291379000000000000e+06
1.291380000000000000e+06
1.291381000000000000e+06
1.291382000000000000e+06
1.291383000000000000e+06
1.291384000000000000e+06
1.291385000000000000e+06
1.291386000000000000e+06
1.292651000000000000e+06
1.292652000000000000e+06
1.292653000000000000e+06
1.292654000000000000e+06
1.292655000000000000e+06
1.292656000000000000e+06
1.292657000000000000e+06
1.292658000000000000e+06
1.292659000000000000e+06
1.292660000000000000e+06
1.292661000000000000e+06
1.292662000000000000e+06
1.292663000000000000e+06
1.292664000000000000e+06
1.292665000000000000e+06
1.292666000000000000e+06
1.292667000000000000e+06
1.293937000000000000e+06
1.293938000000000000e+06
1.293939000000000000e+06
1.293940000000000000e+06
1.293941000000000000e+06
1.293942000000000000e+06
1.293943000000000000e+06
1.293944000000000000e+06
1.293945000000000000e+06
1.293946000000000000e+06
1.293947000000000000e+06
1.293948000000000000e+06
1.293949000000000000e+06
1.293950000000000000e+06
1.293951000000000000e+06
1.293952000000000000e+06
1.293953000000000000e+06
1.295224000000000000e+06
1.295225000000000000e+06
1.295226000000000000e+06
1.295227000000000000e+06
1.295228000000000000e+06
1.295229000000000000e+06
1.295230000000000000e+06
1.295231000000000000e+06
1.295232000000000000e+06
1.295233000000000000e+06
1.295234000000000000e+06
1.295235000000000000e+06
1.295236000000000000e+06
1.295237000000000000e+06
1.295238000000000000e+06
1.295239000000000000e+06
1.295240000000000000e+06
1.296511000000000000e+06
1.296512000000000000e+06
1.296513000000000000e+06
1.296514000000000000e+06
1.296515000000000000e+06
1.296516000000000000e+06
1.296517000000000000e+06
1.296518000000000000e+06
1.296519000000000000e+06
1.296520000000000000e+06
1.296521000000000000e+06
1.296522000000000000e+06
1.296523000000000000e+06
1.296524000000000000e+06
1.296525000000000000e+06
1.296526000000000000e+06
1.296527000000000000e+06
1.297797000000000000e+06
1.297798000000000000e+06
1.297799000000000000e+06
1.297800000000000000e+06
1.297801000000000000e+06
1.297802000000000000e+06
1.297803000000000000e+06
1.297804000000000000e+06
1.297805000000000000e+06
1.297806000000000000e+06
1.297807000000000000e+06
1.297808000000000000e+06
1.297809000000000000e+06
1.297810000000000000e+06
1.297811000000000000e+06
1.297812000000000000e+06
1.297813000000000000e+06
1.299087000000000000e+06
1.299088000000000000e+06
1.299089000000000000e+06
1.299090000000000000e+06
1.299091000000000000e+06
1.299092000000000000e+06
1.299093000000000000e+06
1.299094000000000000e+06
1.299095000000000000e+06
1.299096000000000000e+06
1.299097000000000000e+06
1.299098000000000000e+06
1.299099000000000000e+06
1.299100000000000000e+06
1.299101000000000000e+06
1.299102000000000000e+06
1.299103000000000000e+06
1.300378000000000000e+06
1.300379000000000000e+06
1.300380000000000000e+06
1.300381000000000000e+06
1.300382000000000000e+06
1.300383000000000000e+06
1.300384000000000000e+06
1.300385000000000000e+06
1.300386000000000000e+06
1.300387000000000000e+06
1.300388000000000000e+06
1.300389000000000000e+06
1.300390000000000000e+06
1.300391000000000000e+06
1.300392000000000000e+06
1.300393000000000000e+06
1.300394000000000000e+06
1.301670000000000000e+06
1.301671000000000000e+06
1.301672000000000000e+06
1.301673000000000000e+06
1.301674000000000000e+06
1.301675000000000000e+06
1.301676000000000000e+06
1.301677000000000000e+06
1.301678000000000000e+06
1.301679000000000000e+06
1.301680000000000000e+06
1.301681000000000000e+06
1.301682000000000000e+06
1.301683000000000000e+06
1.301684000000000000e+06
1.301685000000000000e+06
1.301686000000000000e+06
1.302960000000000000e+06
1.302961000000000000e+06
1.302962000000000000e+06
1.302963000000000000e+06
1.302964000000000000e+06
1.302965000000000000e+06
1.302966000000000000e+06
1.302967000000000000e+06
1.302968000000000000e+06
1.302969000000000000e+06
1.302970000000000000e+06
1.302971000000000000e+06
1.302972000000000000e+06
1.302973000000000000e+06
1.302974000000000000e+06
1.302975000000000000e+06
1.302976000000000000e+06
1.304251000000000000e+06
1.304252000000000000e+06
1.304253000000000000e+06
1.304254000000000000e+06
1.304255000000000000e+06
1.304256000000000000e+06
1.304257000000000000e+06
1.304258000000000000e+06
1.304259000000000000e+06
1.304260000000000000e+06
1.304261000000000000e+06
1.304262000000000000e+06
1.304263000000000000e+06
1.304264000000000000e+06
1.304265000000000000e+06
1.304266000000000000e+06
1.304267000000000000e+06
1.305544000000000000e+06
1.305545000000000000e+06
1.305546000000000000e+06
1.305547000000000000e+06
1.305548000000000000e+06
1.305549000000000000e+06
1.305550000000000000e+06
1.305551000000000000e+06
1.305552000000000000e+06
1.305553000000000000e+06
1.305554000000000000e+06
1.305555000000000000e+06
1.305556000000000000e+06
1.305557000000000000e+06
1.305558000000000000e+06
1.305559000000000000e+06
1.305560000000000000e+06
1.306838000000000000e+06
1.306839000000000000e+06
1.306840000000000000e+06
1.306841000000000000e+06
1.306842000000000000e+06
1.306843000000000000e+06
1.306844000000000000e+06
1.306845000000000000e+06
1.306846000000000000e+06
1.306847000000000000e+06
1.306848000000000000e+06
1.306849000000000000e+06
1.306850000000000000e+06
1.306851000000000000e+06
1.306852000000000000e+06
1.306853000000000000e+06
1.306854000000000000e+06
1.308135000000000000e+06
1.308136000000000000e+06
1.308137000000000000e+06
1.308138000000000000e+06
1.308139000000000000e+06
1.308140000000000000e+06
1.308141000000000000e+06
1.308142000000000000e+06
1.308143000000000000e+06
1.308144000000000000e+06
1.308145000000000000e+06
1.308146000000000000e+06
1.308147000000000000e+06
1.308148000000000000e+06
1.308149000000000000e+06
1.308150000000000000e+06
1.308151000000000000e+06
1.309433000000000000e+06
1.309434000000000000e+06
1.309435000000000000e+06
1.309436000000000000e+06
1.309437000000000000e+06
1.309438000000000000e+06
1.309439000000000000e+06
1.309440000000000000e+06
1.309441000000000000e+06
1.309442000000000000e+06
1.309443000000000000e+06
1.309444000000000000e+06
1.309445000000000000e+06
1.309446000000000000e+06
1.309447000000000000e+06
1.309448000000000000e+06
1.309449000000000000e+06
1.310731000000000000e+06
1.310732000000000000e+06
1.310733000000000000e+06
1.310734000000000000e+06
1.310735000000000000e+06
1.310736000000000000e+06
1.310737000000000000e+06
1.310738000000000000e+06
1.310739000000000000e+06
1.310740000000000000e+06
1.310741000000000000e+06
1.310742000000000000e+06
1.310743000000000000e+06
1.310744000000000000e+06
1.310745000000000000e+06
1.310746000000000000e+06
1.310747000000000000e+06
1.312032000000000000e+06
1.312033000000000000e+06
1.312034000000000000e+06
1.312035000000000000e+06
1.312036000000000000e+06
1.312037000000000000e+06
1.312038000000000000e+06
1.312039000000000000e+06
1.312040000000000000e+06
1.312041000000000000e+06
1.312042000000000000e+06
1.312043000000000000e+06
1.312044000000000000e+06
1.312045000000000000e+06
1.312046000000000000e+06
1.312047000000000000e+06
1.312048000000000000e+06
1.313335000000000000e+06
1.313336000000000000e+06
1.313337000000000000e+06
1.313338000000000000e+06
1.313339000000000000e+06
1.313340000000000000e+06
1.313341000000000000e+06
1.313342000000000000e+06
1.313343000000000000e+06
1.313344000000000000e+06
1.313345000000000000e+06
1.313346000000000000e+06
1.313347000000000000e+06
1.313348000000000000e+06
1.313349000000000000e+06
1.313350000000000000e+06
1.313351000000000000e+06
1.314646000000000000e+06
1.314647000000000000e+06
1.314648000000000000e+06
1.314649000000000000e+06
1.314650000000000000e+06
1.314651000000000000e+06
1.314652000000000000e+06
1.314653000000000000e+06
1.314654000000000000e+06
1.314655000000000000e+06
1.314656000000000000e+06
1.314657000000000000e+06
1.314658000000000000e+06
1.314659000000000000e+06
1.314660000000000000e+06
1.314661000000000000e+06
1.314662000000000000e+06
1.315968000000000000e+06
1.315969000000000000e+06
1.315970000000000000e+06
1.315971000000000000e+06
1.315972000000000000e+06
1.315973000000000000e+06
1.315974000000000000e+06
1.315975000000000000e+06
1.315976000000000000e+06
1.315977000000000000e+06
1.315978000000000000e+06
1.315979000000000000e+06
1.315980000000000000e+06
1.315981000000000000e+06
1.315982000000000000e+06
1.315983000000000000e+06
1.315984000000000000e+06
1.315985000000000000e+06
1.317289000000000000e+06
1.317290000000000000e+06
1.317291000000000000e+06
1.317292000000000000e+06
1.317293000000000000e+06
1.317294000000000000e+06
1.317295000000000000e+06
1.317296000000000000e+06
1.317297000000000000e+06
1.317298000000000000e+06
1.317299000000000000e+06
1.317300000000000000e+06
1.317301000000000000e+06
1.317302000000000000e+06
1.317303000000000000e+06
1.317304000000000000e+06
1.317305000000000000e+06
1.318610000000000000e+06
1.318611000000000000e+06
1.318612000000000000e+06
1.318613000000000000e+06
1.318614000000000000e+06
1.318615000000000000e+06
1.318616000000000000e+06
1.318617000000000000e+06
1.318618000000000000e+06
1.318619000000000000e+06
1.318620000000000000e+06
1.318621000000000000e+06
1.318622000000000000e+06
1.318623000000000000e+06
1.318624000000000000e+06
1.318625000000000000e+06
1.318626000000000000e+06
1.319930000000000000e+06
1.319931000000000000e+06
1.319932000000000000e+06
1.319933000000000000e+06
1.319934000000000000e+06
1.319935000000000000e+06
1.319936000000000000e+06
1.319937000000000000e+06
1.319938000000000000e+06
1.319939000000000000e+06
1.319940000000000000e+06
1.319941000000000000e+06
1.319942000000000000e+06
1.319943000000000000e+06
1.319944000000000000e+06
1.319945000000000000e+06
1.319946000000000000e+06
1.321248000000000000e+06
1.321249000000000000e+06
1.321250000000000000e+06
1.321251000000000000e+06
1.321252000000000000e+06
1.321253000000000000e+06
1.321254000000000000e+06
1.321255000000000000e+06
1.321256000000000000e+06
1.321257000000000000e+06
1.321258000000000000e+06
1.321259000000000000e+06
1.321260000000000000e+06
1.321261000000000000e+06
1.321262000000000000e+06
1.321263000000000000e+06
1.321264000000000000e+06
1.322561000000000000e+06
1.322562000000000000e+06
1.322563000000000000e+06
1.322564000000000000e+06
1.322565000000000000e+06
1.322566000000000000e+06
1.322567000000000000e+06
1.322568000000000000e+06
1.322569000000000000e+06
1.322570000000000000e+06
1.322571000000000000e+06
1.322572000000000000e+06
1.322573000000000000e+06
1.322574000000000000e+06
1.322575000000000000e+06
1.322576000000000000e+06
1.322577000000000000e+06
1.323876000000000000e+06
1.323877000000000000e+06
1.323878000000000000e+06
1.323879000000000000e+06
1.323880000000000000e+06
1.323881000000000000e+06
1.323882000000000000e+06
1.323883000000000000e+06
1.323884000000000000e+06
1.323885000000000000e+06
1.323886000000000000e+06
1.323887000000000000e+06
1.323888000000000000e+06
1.323889000000000000e+06
1.323890000000000000e+06
1.323891000000000000e+06
1.323892000000000000e+06
1.325194000000000000e+06
1.325195000000000000e+06
1.325196000000000000e+06
1.325197000000000000e+06
1.325198000000000000e+06
1.325199000000000000e+06
1.325200000000000000e+06
1.325201000000000000e+06
1.325202000000000000e+06
1.325203000000000000e+06
1.325204000000000000e+06
1.325205000000000000e+06
1.325206000000000000e+06
1.325207000000000000e+06
1.325208000000000000e+06
1.325209000000000000e+06
1.325210000000000000e+06
1.326506000000000000e+06
1.326507000000000000e+06
1.326508000000000000e+06
1.326509000000000000e+06
1.326510000000000000e+06
1.326511000000000000e+06
1.326512000000000000e+06
1.326513000000000000e+06
1.326514000000000000e+06
1.326515000000000000e+06
1.326516000000000000e+06
1.326517000000000000e+06
1.326518000000000000e+06
1.326519000000000000e+06
1.326520000000000000e+06
1.326521000000000000e+06
1.326522000000000000e+06
1.327819000000000000e+06
1.327820000000000000e+06
1.327821000000000000e+06
1.327822000000000000e+06
1.327823000000000000e+06
1.327824000000000000e+06
1.327825000000000000e+06
1.327826000000000000e+06
1.327827000000000000e+06
1.327828000000000000e+06
1.327829000000000000e+06
1.327830000000000000e+06
1.327831000000000000e+06
1.327832000000000000e+06
1.327833000000000000e+06
1.327834000000000000e+06
1.327835000000000000e+06
1.329131000000000000e+06
1.329132000000000000e+06
1.329133000000000000e+06
1.329134000000000000e+06
1.329135000000000000e+06
1.329136000000000000e+06
1.329137000000000000e+06
1.329138000000000000e+06
1.329139000000000000e+06
1.329140000000000000e+06
1.329141000000000000e+06
1.329142000000000000e+06
1.329143000000000000e+06
1.329144000000000000e+06
1.329145000000000000e+06
1.329146000000000000e+06
1.329147000000000000e+06
1.329149000000000000e+06
1.329150000000000000e+06
1.330447000000000000e+06
1.330448000000000000e+06
1.330449000000000000e+06
1.330450000000000000e+06
1.330451000000000000e+06
1.330452000000000000e+06
1.330453000000000000e+06
1.330454000000000000e+06
1.330455000000000000e+06
1.330456000000000000e+06
1.330457000000000000e+06
1.330458000000000000e+06
1.330459000000000000e+06
1.330460000000000000e+06
1.330461000000000000e+06
1.330462000000000000e+06
1.330463000000000000e+06
1.330464000000000000e+06
1.330465000000000000e+06
1.330466000000000000e+06
1.330469000000000000e+06
1.331760000000000000e+06
1.331761000000000000e+06
1.331762000000000000e+06
1.331763000000000000e+06
1.331764000000000000e+06
1.331765000000000000e+06
1.331766000000000000e+06
1.331767000000000000e+06
1.331768000000000000e+06
1.331769000000000000e+06
1.331770000000000000e+06
1.331771000000000000e+06
1.331772000000000000e+06
1.331773000000000000e+06
1.331774000000000000e+06
1.331775000000000000e+06
1.331776000000000000e+06
1.331777000000000000e+06
1.331778000000000000e+06
1.331779000000000000e+06
1.331780000000000000e+06
1.331781000000000000e+06
1.331782000000000000e+06
1.331783000000000000e+06
1.333076000000000000e+06
1.333077000000000000e+06
1.333078000000000000e+06
1.333079000000000000e+06
1.333080000000000000e+06
1.333081000000000000e+06
1.333082000000000000e+06
1.333083000000000000e+06
1.333084000000000000e+06
1.333085000000000000e+06
1.333086000000000000e+06
1.333087000000000000e+06
1.333088000000000000e+06
1.333089000000000000e+06
1.333090000000000000e+06
1.333091000000000000e+06
1.333092000000000000e+06
1.333093000000000000e+06
1.333094000000000000e+06
1.333095000000000000e+06
1.333096000000000000e+06
1.333097000000000000e+06
1.333098000000000000e+06
1.333099000000000000e+06
1.333100000000000000e+06
1.334394000000000000e+06
1.334395000000000000e+06
1.334396000000000000e+06
1.334397000000000000e+06
1.334398000000000000e+06
1.334399000000000000e+06
1.334400000000000000e+06
1.334401000000000000e+06
1.334402000000000000e+06
1.334403000000000000e+06
1.334404000000000000e+06
1.334405000000000000e+06
1.334406000000000000e+06
1.334407000000000000e+06
1.334408000000000000e+06
1.334409000000000000e+06
1.334410000000000000e+06
1.334411000000000000e+06
1.334412000000000000e+06
1.334413000000000000e+06
1.334414000000000000e+06
1.334415000000000000e+06
1.334416000000000000e+06
1.334417000000000000e+06
1.334418000000000000e+06
1.334419000000000000e+06
1.335706000000000000e+06
1.335707000000000000e+06
1.335708000000000000e+06
1.335709000000000000e+06
1.335710000000000000e+06
1.335711000000000000e+06
1.335712000000000000e+06
1.335713000000000000e+06
1.335714000000000000e+06
1.335715000000000000e+06
1.335716000000000000e+06
1.335717000000000000e+06
1.335718000000000000e+06
1.335719000000000000e+06
1.335720000000000000e+06
1.335721000000000000e+06
1.335722000000000000e+06
1.335723000000000000e+06
1.335724000000000000e+06
1.335725000000000000e+06
1.335726000000000000e+06
1.335727000000000000e+06
1.335728000000000000e+06
1.335729000000000000e+06
1.335730000000000000e+06
1.335731000000000000e+06
1.335732000000000000e+06
1.335733000000000000e+06
1.337019000000000000e+06
1.337020000000000000e+06
1.337021000000000000e+06
1.337022000000000000e+06
1.337023000000000000e+06
1.337024000000000000e+06
1.337025000000000000e+06
1.337026000000000000e+06
1.337027000000000000e+06
1.337028000000000000e+06
1.337029000000000000e+06
1.337030000000000000e+06
1.337031000000000000e+06
1.337032000000000000e+06
1.337033000000000000e+06
1.337034000000000000e+06
1.337035000000000000e+06
1.337036000000000000e+06
1.337037000000000000e+06
1.337038000000000000e+06
1.337039000000000000e+06
1.337040000000000000e+06
1.337041000000000000e+06
1.337042000000000000e+06
1.337043000000000000e+06
1.337044000000000000e+06
1.337045000000000000e+06
1.337047000000000000e+06
1.337049000000000000e+06
1.338328000000000000e+06
1.338329000000000000e+06
1.338330000000000000e+06
1.338331000000000000e+06
1.338332000000000000e+06
1.338333000000000000e+06
1.338334000000000000e+06
1.338335000000000000e+06
1.338336000000000000e+06
1.338337000000000000e+06
1.338338000000000000e+06
1.338339000000000000e+06
1.338340000000000000e+06
1.338341000000000000e+06
1.338342000000000000e+06
1.338343000000000000e+06
1.338344000000000000e+06
1.338345000000000000e+06
1.338346000000000000e+06
1.338347000000000000e+06
1.338348000000000000e+06
1.338349000000000000e+06
1.338350000000000000e+06
1.338351000000000000e+06
1.338352000000000000e+06
1.338353000000000000e+06
1.338354000000000000e+06
1.338355000000000000e+06
1.338356000000000000e+06
1.338357000000000000e+06
1.338358000000000000e+06
1.338359000000000000e+06
1.339634000000000000e+06
1.339635000000000000e+06
1.339636000000000000e+06
1.339637000000000000e+06
1.339638000000000000e+06
1.339639000000000000e+06
1.339640000000000000e+06
1.339641000000000000e+06
1.339642000000000000e+06
1.339643000000000000e+06
1.339644000000000000e+06
1.339645000000000000e+06
1.339646000000000000e+06
1.339647000000000000e+06
1.339648000000000000e+06
1.339649000000000000e+06
1.339650000000000000e+06
1.339651000000000000e+06
1.339652000000000000e+06
1.339653000000000000e+06
1.339654000000000000e+06
1.339655000000000000e+06
1.339656000000000000e+06
1.339657000000000000e+06
1.339658000000000000e+06
1.339659000000000000e+06
1.339660000000000000e+06
1.339661000000000000e+06
1.339662000000000000e+06
1.339663000000000000e+06
1.339664000000000000e+06
1.339665000000000000e+06
1.340938000000000000e+06
1.340939000000000000e+06
1.340940000000000000e+06
1.340941000000000000e+06
1.340942000000000000e+06
1.340943000000000000e+06
1.340944000000000000e+06
1.340945000000000000e+06
1.340946000000000000e+06
1.340947000000000000e+06
1.340948000000000000e+06
1.340949000000000000e+06
1.340950000000000000e+06
1.340952000000000000e+06
1.340953000000000000e+06
1.340954000000000000e+06
1.340955000000000000e+06
1.340956000000000000e+06
1.340957000000000000e+06
1.340958000000000000e+06
1.340959000000000000e+06
1.340960000000000000e+06
1.340961000000000000e+06
1.340962000000000000e+06
1.340963000000000000e+06
1.340964000000000000e+06
1.340965000000000000e+06
1.340966000000000000e+06
1.340967000000000000e+06
1.340968000000000000e+06
1.340969000000000000e+06
1.340970000000000000e+06
1.340971000000000000e+06
1.342244000000000000e+06
1.342245000000000000e+06
1.342246000000000000e+06
1.342247000000000000e+06
1.342248000000000000e+06
1.342249000000000000e+06
1.342250000000000000e+06
1.342251000000000000e+06
1.342252000000000000e+06
1.342253000000000000e+06
1.342254000000000000e+06
1.342256000000000000e+06
1.342259000000000000e+06
1.342260000000000000e+06
1.342261000000000000e+06
1.342262000000000000e+06
1.342263000000000000e+06
1.342264000000000000e+06
1.342265000000000000e+06
1.342266000000000000e+06
1.342267000000000000e+06
1.342268000000000000e+06
1.342269000000000000e+06
1.342270000000000000e+06
1.342271000000000000e+06
1.342272000000000000e+06
1.342273000000000000e+06
1.342274000000000000e+06
1.342275000000000000e+06
1.342276000000000000e+06
1.343547000000000000e+06
1.343548000000000000e+06
1.343549000000000000e+06
1.343550000000000000e+06
1.343551000000000000e+06
1.343552000000000000e+06
1.343553000000000000e+06
1.343554000000000000e+06
1.343555000000000000e+06
1.343556000000000000e+06
1.343557000000000000e+06
1.343561000000000000e+06
1.343562000000000000e+06
1.343563000000000000e+06
1.343564000000000000e+06
1.343565000000000000e+06
1.343566000000000000e+06
1.343567000000000000e+06
1.343568000000000000e+06
1.343569000000000000e+06
1.343570000000000000e+06
1.343571000000000000e+06
1.343572000000000000e+06
1.343573000000000000e+06
1.343574000000000000e+06
1.343575000000000000e+06
1.343576000000000000e+06
1.343577000000000000e+06
1.343578000000000000e+06
1.344847000000000000e+06
1.344848000000000000e+06
1.344849000000000000e+06
1.344850000000000000e+06
1.344851000000000000e+06
1.344852000000000000e+06
1.344853000000000000e+06
1.344854000000000000e+06
1.344855000000000000e+06
1.344856000000000000e+06
1.344860000000000000e+06
1.344862000000000000e+06
1.344863000000000000e+06
1.344864000000000000e+06
1.344865000000000000e+06
1.344866000000000000e+06
1.344867000000000000e+06
1.344868000000000000e+06
1.344869000000000000e+06
1.344870000000000000e+06
1.344871000000000000e+06
1.344872000000000000e+06
1.344873000000000000e+06
1.344874000000000000e+06
1.344875000000000000e+06
1.344876000000000000e+06
1.344877000000000000e+06
1.346120000000000000e+06
1.346121000000000000e+06
1.346122000000000000e+06
1.346123000000000000e+06
1.346124000000000000e+06
1.346125000000000000e+06
1.346126000000000000e+06
1.346127000000000000e+06
1.346129000000000000e+06
1.346135000000000000e+06
1.346136000000000000e+06
1.346137000000000000e+06
1.346138000000000000e+06
1.346139000000000000e+06
1.346140000000000000e+06
1.346141000000000000e+06
1.346142000000000000e+06
1.346143000000000000e+06
1.346144000000000000e+06
1.346145000000000000e+06
1.346146000000000000e+06
1.346147000000000000e+06
1.346148000000000000e+06
1.346149000000000000e+06
1.346150000000000000e+06
1.346151000000000000e+06
1.347391000000000000e+06
1.347392000000000000e+06
1.347393000000000000e+06
1.347395000000000000e+06
1.347396000000000000e+06
1.347397000000000000e+06
1.347398000000000000e+06
1.347406000000000000e+06
1.347407000000000000e+06
1.347408000000000000e+06
1.347409000000000000e+06
1.347410000000000000e+06
1.347411000000000000e+06
1.347412000000000000e+06
1.347413000000000000e+06
1.347414000000000000e+06
1.347415000000000000e+06
1.347416000000000000e+06
1.347417000000000000e+06
1.347418000000000000e+06
1.347419000000000000e+06
1.347420000000000000e+06
1.347426000000000000e+06
1.347429000000000000e+06
1.348665000000000000e+06
1.348666000000000000e+06
1.348667000000000000e+06
1.348668000000000000e+06
1.348677000000000000e+06
1.348678000000000000e+06
1.348679000000000000e+06
1.348680000000000000e+06
1.348681000000000000e+06
1.348682000000000000e+06
1.348683000000000000e+06
1.348684000000000000e+06
1.348685000000000000e+06
1.348686000000000000e+06
1.348687000000000000e+06
1.348688000000000000e+06
1.348689000000000000e+06
1.348690000000000000e+06
1.348699000000000000e+06
1.349935000000000000e+06
1.349936000000000000e+06
1.349946000000000000e+06
1.349947000000000000e+06
1.349948000000000000e+06
1.349949000000000000e+06
1.349950000000000000e+06
1.349951000000000000e+06
1.349952000000000000e+06
1.349953000000000000e+06
1.349954000000000000e+06
1.349955000000000000e+06
1.349956000000000000e+06
1.349957000000000000e+06
1.349964000000000000e+06
1.349967000000000000e+06
1.351207000000000000e+06
1.351208000000000000e+06
1.351220000000000000e+06
1.351221000000000000e+06
1.351222000000000000e+06
1.351224000000000000e+06
1.351225000000000000e+06
1.351226000000000000e+06
1.351227000000000000e+06
1.351228000000000000e+06
1.351229000000000000e+06
1.351230000000000000e+06
1.351238000000000000e+06
1.351239000000000000e+06
1.352481000000000000e+06
1.352482000000000000e+06
1.352495000000000000e+06
1.352499000000000000e+06
1.352500000000000000e+06
1.352501000000000000e+06
1.352502000000000000e+06
1.352503000000000000e+06
1.352504000000000000e+06
1.352509000000000000e+06
1.352511000000000000e+06
1.352512000000000000e+06
1.352513000000000000e+06
1.353756000000000000e+06
1.353774000000000000e+06
1.353775000000000000e+06
1.353776000000000000e+06
1.353777000000000000e+06
1.353778000000000000e+06
1.353779000000000000e+06
1.353780000000000000e+06
1.353781000000000000e+06
1.353782000000000000e+06
1.353783000000000000e+06
1.353786000000000000e+06
1.353787000000000000e+06
1.353788000000000000e+06
1.355049000000000000e+06
1.355050000000000000e+06
1.355051000000000000e+06
1.355052000000000000e+06
1.355053000000000000e+06
1.355054000000000000e+06
1.355055000000000000e+06
1.355056000000000000e+06
1.355057000000000000e+06
1.355058000000000000e+06
1.355061000000000000e+06
1.355062000000000000e+06
1.355063000000000000e+06
1.356325000000000000e+06
1.356326000000000000e+06
1.356327000000000000e+06
1.356328000000000000e+06
1.356329000000000000e+06
1.356330000000000000e+06
1.356331000000000000e+06
1.356332000000000000e+06
1.356333000000000000e+06
1.356338000000000000e+06
1.357613000000000000e+06
1.357614000000000000e+06
1.357615000000000000e+06
1.357616000000000000e+06
1.357617000000000000e+06
1.357623000000000000e+06
1.358908000000000000e+06
1.358909000000000000e+06
1.358910000000000000e+06
1.358911000000000000e+06
1.358917000000000000e+06
1.360217000000000000e+06
1.360218000000000000e+06
1.360219000000000000e+06
1.360220000000000000e+06
1.361529000000000000e+06
1.361530000000000000e+06
1.361531000000000000e+06
1.362856000000000000e+06
1.362857000000000000e+06
1.362858000000000000e+06
1.364191000000000000e+06
1.364192000000000000e+06
1.364193000000000000e+06
1.365529000000000000e+06
1.365530000000000000e+06
1.366862000000000000e+06
1.366870000000000000e+06
1.366871000000000000e+06
1.366872000000000000e+06
1.368216000000000000e+06
1.368217000000000000e+06
1.368218000000000000e+06
1.368227000000000000e+06
1.369560000000000000e+06
1.369561000000000000e+06
1.369571000000000000e+06
1.369572000000000000e+06
1.370892000000000000e+06
1.370900000000000000e+06
1.370901000000000000e+06
1.370911000000000000e+06
1.370912000000000000e+06
1.372233000000000000e+06
1.372234000000000000e+06
1.372235000000000000e+06
1.372239000000000000e+06
1.372240000000000000e+06
1.372241000000000000e+06
1.372251000000000000e+06
1.372252000000000000e+06
1.373573000000000000e+06
1.373574000000000000e+06
1.373578000000000000e+06
1.373579000000000000e+06
1.373580000000000000e+06
1.373590000000000000e+06
1.373591000000000000e+06
1.374910000000000000e+06
1.374911000000000000e+06
1.374912000000000000e+06
1.374913000000000000e+06
1.374914000000000000e+06
1.374916000000000000e+06
1.374926000000000000e+06
1.374927000000000000e+06
1.376249000000000000e+06
