1.262953000000000000e+06
1.262954000000000000e+06
1.262964000000000000e+06
1.262965000000000000e+06
1.264204000000000000e+06
1.264209000000000000e+06
1.264210000000000000e+06
1.264221000000000000e+06
1.264222000000000000e+06
1.264223000000000000e+06
1.264224000000000000e+06
1.264225000000000000e+06
1.264226000000000000e+06
1.264227000000000000e+06
1.264228000000000000e+06
1.264230000000000000e+06
1.264233000000000000e+06
1.264234000000000000e+06
1.264235000000000000e+06
1.265471000000000000e+06
1.265472000000000000e+06
1.265473000000000000e+06
1.265474000000000000e+06
1.265475000000000000e+06
1.265476000000000000e+06
1.265477000000000000e+06
1.265478000000000000e+06
1.265479000000000000e+06
1.265480000000000000e+06
1.265481000000000000e+06
1.265482000000000000e+06
1.265491000000000000e+06
1.265492000000000000e+06
1.265493000000000000e+06
1.265494000000000000e+06
1.265495000000000000e+06
1.265496000000000000e+06
1.265497000000000000e+06
1.265498000000000000e+06
1.265499000000000000e+06
1.265500000000000000e+06
1.265501000000000000e+06
1.265502000000000000e+06
1.265503000000000000e+06
1.265504000000000000e+06
1.265505000000000000e+06
1.266749000000000000e+06
1.266750000000000000e+06
1.266751000000000000e+06
1.266752000000000000e+06
1.266753000000000000e+06
1.266754000000000000e+06
1.266755000000000000e+06
1.266756000000000000e+06
1.266757000000000000e+06
1.266758000000000000e+06
1.266759000000000000e+06
1.266760000000000000e+06
1.266761000000000000e+06
1.266762000000000000e+06
1.266764000000000000e+06
1.266765000000000000e+06
1.266766000000000000e+06
1.266767000000000000e+06
1.266768000000000000e+06
1.266769000000000000e+06
1.266770000000000000e+06
1.266771000000000000e+06
1.266772000000000000e+06
1.266773000000000000e+06
1.266774000000000000e+06
1.266775000000000000e+06
1.266776000000000000e+06
1.266777000000000000e+06
1.266778000000000000e+06
1.266779000000000000e+06
1.266780000000000000e+06
1.266781000000000000e+06
1.266782000000000000e+06
1.266783000000000000e+06
1.268028000000000000e+06
1.268029000000000000e+06
1.268030000000000000e+06
1.268031000000000000e+06
1.268032000000000000e+06
1.268033000000000000e+06
1.268034000000000000e+06
1.268035000000000000e+06
1.268036000000000000e+06
1.268037000000000000e+06
1.268038000000000000e+06
1.268039000000000000e+06
1.268040000000000000e+06
1.268041000000000000e+06
1.268042000000000000e+06
1.268043000000000000e+06
1.268044000000000000e+06
1.268045000000000000e+06
1.268046000000000000e+06
1.268047000000000000e+06
1.268048000000000000e+06
1.268049000000000000e+06
1.268050000000000000e+06
1.268051000000000000e+06
1.268052000000000000e+06
1.268053000000000000e+06
1.268054000000000000e+06
1.268055000000000000e+06
1.268056000000000000e+06
1.268057000000000000e+06
1.268058000000000000e+06
1.268059000000000000e+06
1.268060000000000000e+06
1.268061000000000000e+06
1.268062000000000000e+06
1.268063000000000000e+06
1.268064000000000000e+06
1.268072000000000000e+06
1.268073000000000000e+06
1.268074000000000000e+06
1.268075000000000000e+06
1.268076000000000000e+06
1.268077000000000000e+06
1.268078000000000000e+06
1.268079000000000000e+06
1.268080000000000000e+06
1.268081000000000000e+06
1.268082000000000000e+06
1.268083000000000000e+06
1.268084000000000000e+06
1.269310000000000000e+06
1.269311000000000000e+06
1.269312000000000000e+06
1.269313000000000000e+06
1.269314000000000000e+06
1.269315000000000000e+06
1.269316000000000000e+06
1.269317000000000000e+06
1.269318000000000000e+06
1.269319000000000000e+06
1.269320000000000000e+06
1.269321000000000000e+06
1.269322000000000000e+06
1.269323000000000000e+06
1.269324000000000000e+06
1.269325000000000000e+06
1.269326000000000000e+06
1.269327000000000000e+06
1.269328000000000000e+06
1.269329000000000000e+06
1.269330000000000000e+06
1.269331000000000000e+06
1.269332000000000000e+06
1.269333000000000000e+06
1.269334000000000000e+06
1.269335000000000000e+06
1.269336000000000000e+06
1.269337000000000000e+06
1.269338000000000000e+06
1.269339000000000000e+06
1.269340000000000000e+06
1.269341000000000000e+06
1.269342000000000000e+06
1.269343000000000000e+06
1.269344000000000000e+06
1.269345000000000000e+06
1.269346000000000000e+06
1.269347000000000000e+06
1.269348000000000000e+06
1.269349000000000000e+06
1.269350000000000000e+06
1.269351000000000000e+06
1.269352000000000000e+06
1.269353000000000000e+06
1.269354000000000000e+06
1.269355000000000000e+06
1.269356000000000000e+06
1.269357000000000000e+06
1.269358000000000000e+06
1.269359000000000000e+06
1.269360000000000000e+06
1.269361000000000000e+06
1.269362000000000000e+06
1.269363000000000000e+06
1.269364000000000000e+06
1.269365000000000000e+06
1.269366000000000000e+06
1.270595000000000000e+06
1.270596000000000000e+06
1.270597000000000000e+06
1.270598000000000000e+06
1.270599000000000000e+06
1.270600000000000000e+06
1.270601000000000000e+06
1.270602000000000000e+06
1.270603000000000000e+06
1.270604000000000000e+06
1.270605000000000000e+06
1.270606000000000000e+06
1.270607000000000000e+06
1.270608000000000000e+06
1.270609000000000000e+06
1.270610000000000000e+06
1.270611000000000000e+06
1.270612000000000000e+06
1.270613000000000000e+06
1.270614000000000000e+06
1.270615000000000000e+06
1.270616000000000000e+06
1.270617000000000000e+06
1.270618000000000000e+06
1.270619000000000000e+06
1.270620000000000000e+06
1.270621000000000000e+06
1.270622000000000000e+06
1.270623000000000000e+06
1.270624000000000000e+06
1.270625000000000000e+06
1.270626000000000000e+06
1.270627000000000000e+06
1.270628000000000000e+06
1.270629000000000000e+06
1.270630000000000000e+06
1.270631000000000000e+06
1.270632000000000000e+06
1.270633000000000000e+06
1.270634000000000000e+06
1.270635000000000000e+06
1.270636000000000000e+06
1.270637000000000000e+06
1.270638000000000000e+06
1.270639000000000000e+06
1.270640000000000000e+06
1.270641000000000000e+06
1.270642000000000000e+06
1.270643000000000000e+06
1.270644000000000000e+06
1.270645000000000000e+06
1.270646000000000000e+06
1.270647000000000000e+06
1.270648000000000000e+06
1.270649000000000000e+06
1.270650000000000000e+06
1.270651000000000000e+06
1.271881000000000000e+06
1.271882000000000000e+06
1.271883000000000000e+06
1.271884000000000000e+06
1.271885000000000000e+06
1.271886000000000000e+06
1.271887000000000000e+06
1.271888000000000000e+06
1.271889000000000000e+06
1.271890000000000000e+06
1.271891000000000000e+06
1.271892000000000000e+06
1.271893000000000000e+06
1.271894000000000000e+06
1.271895000000000000e+06
1.271896000000000000e+06
1.271897000000000000e+06
1.271898000000000000e+06
1.271899000000000000e+06
1.271900000000000000e+06
1.271901000000000000e+06
1.271902000000000000e+06
1.271903000000000000e+06
1.271904000000000000e+06
1.271905000000000000e+06
1.271906000000000000e+06
1.271907000000000000e+06
1.271908000000000000e+06
1.271909000000000000e+06
1.271910000000000000e+06
1.271911000000000000e+06
1.271912000000000000e+06
1.271913000000000000e+06
1.271914000000000000e+06
1.271915000000000000e+06
1.271916000000000000e+06
1.271917000000000000e+06
1.271918000000000000e+06
1.271919000000000000e+06
1.271920000000000000e+06
1.271921000000000000e+06
1.271922000000000000e+06
1.271923000000000000e+06
1.271924000000000000e+06
1.271925000000000000e+06
1.271926000000000000e+06
1.271927000000000000e+06
1.271928000000000000e+06
1.271929000000000000e+06
1.271930000000000000e+06
1.271931000000000000e+06
1.271932000000000000e+06
1.271933000000000000e+06
1.271934000000000000e+06
1.271935000000000000e+06
1.271936000000000000e+06
1.271937000000000000e+06
1.273173000000000000e+06
1.273174000000000000e+06
1.273175000000000000e+06
1.273176000000000000e+06
1.273177000000000000e+06
1.273178000000000000e+06
1.273179000000000000e+06
1.273180000000000000e+06
1.273181000000000000e+06
1.273182000000000000e+06
1.273183000000000000e+06
1.273184000000000000e+06
1.273185000000000000e+06
1.273186000000000000e+06
1.273187000000000000e+06
1.273188000000000000e+06
1.273189000000000000e+06
1.273190000000000000e+06
1.273191000000000000e+06
1.273192000000000000e+06
1.273193000000000000e+06
1.273194000000000000e+06
1.273195000000000000e+06
1.273196000000000000e+06
1.273197000000000000e+06
1.273198000000000000e+06
1.273199000000000000e+06
1.273200000000000000e+06
1.273201000000000000e+06
1.273202000000000000e+06
1.273203000000000000e+06
1.273204000000000000e+06
1.273205000000000000e+06
1.273206000000000000e+06
1.273207000000000000e+06
1.273208000000000000e+06
1.273209000000000000e+06
1.273210000000000000e+06
1.273211000000000000e+06
1.273212000000000000e+06
1.273213000000000000e+06
1.273214000000000000e+06
1.273215000000000000e+06
1.273216000000000000e+06
1.273217000000000000e+06
1.273218000000000000e+06
1.273219000000000000e+06
1.273220000000000000e+06
1.273221000000000000e+06
1.273222000000000000e+06
1.273223000000000000e+06
1.273224000000000000e+06
1.273225000000000000e+06
1.273226000000000000e+06
1.273227000000000000e+06
1.273228000000000000e+06
1.273229000000000000e+06
1.274467000000000000e+06
1.274468000000000000e+06
1.274469000000000000e+06
1.274470000000000000e+06
1.274471000000000000e+06
1.274472000000000000e+06
1.274473000000000000e+06
1.274474000000000000e+06
1.274475000000000000e+06
1.274476000000000000e+06
1.274477000000000000e+06
1.274478000000000000e+06
1.274479000000000000e+06
1.274480000000000000e+06
1.274481000000000000e+06
1.274482000000000000e+06
1.274483000000000000e+06
1.274484000000000000e+06
1.274485000000000000e+06
1.274486000000000000e+06
1.274487000000000000e+06
1.274488000000000000e+06
1.274489000000000000e+06
1.274490000000000000e+06
1.274491000000000000e+06
1.274492000000000000e+06
1.274493000000000000e+06
1.274494000000000000e+06
1.274495000000000000e+06
1.274496000000000000e+06
1.274497000000000000e+06
1.274498000000000000e+06
1.274499000000000000e+06
1.274500000000000000e+06
1.274501000000000000e+06
1.274502000000000000e+06
1.274503000000000000e+06
1.274504000000000000e+06
1.274505000000000000e+06
1.274506000000000000e+06
1.274507000000000000e+06
1.274508000000000000e+06
1.274509000000000000e+06
1.274510000000000000e+06
1.274511000000000000e+06
1.274512000000000000e+06
1.274513000000000000e+06
1.274514000000000000e+06
1.274515000000000000e+06
1.274516000000000000e+06
1.274517000000000000e+06
1.274518000000000000e+06
1.274519000000000000e+06
1.274520000000000000e+06
1.274521000000000000e+06
1.274522000000000000e+06
1.274523000000000000e+06
1.275764000000000000e+06
1.275765000000000000e+06
1.275766000000000000e+06
1.275767000000000000e+06
1.275768000000000000e+06
1.275769000000000000e+06
1.275770000000000000e+06
1.275771000000000000e+06
1.275772000000000000e+06
1.275773000000000000e+06
1.275774000000000000e+06
1.275775000000000000e+06
1.275776000000000000e+06
1.275777000000000000e+06
1.275778000000000000e+06
1.275779000000000000e+06
1.275780000000000000e+06
1.275781000000000000e+06
1.275782000000000000e+06
1.275783000000000000e+06
1.275784000000000000e+06
1.275785000000000000e+06
1.275786000000000000e+06
1.275787000000000000e+06
1.275788000000000000e+06
1.275789000000000000e+06
1.275790000000000000e+06
1.275791000000000000e+06
1.275792000000000000e+06
1.275793000000000000e+06
1.275794000000000000e+06
1.275795000000000000e+06
1.275796000000000000e+06
1.275797000000000000e+06
1.275798000000000000e+06
1.275799000000000000e+06
1.275800000000000000e+06
1.275801000000000000e+06
1.275802000000000000e+06
1.275803000000000000e+06
1.275804000000000000e+06
1.275805000000000000e+06
1.275806000000000000e+06
1.275807000000000000e+06
1.275808000000000000e+06
1.275809000000000000e+06
1.275810000000000000e+06
1.275811000000000000e+06
1.275812000000000000e+06
1.275813000000000000e+06
1.275814000000000000e+06
1.275815000000000000e+06
1.275816000000000000e+06
1.275817000000000000e+06
1.275818000000000000e+06
1.275819000000000000e+06
1.275820000000000000e+06
1.277064000000000000e+06
1.277065000000000000e+06
1.277066000000000000e+06
1.277067000000000000e+06
1.277068000000000000e+06
1.277069000000000000e+06
1.277070000000000000e+06
1.277071000000000000e+06
1.277072000000000000e+06
1.277073000000000000e+06
1.277074000000000000e+06
1.277075000000000000e+06
1.277076000000000000e+06
1.277077000000000000e+06
1.277078000000000000e+06
1.277079000000000000e+06
1.277080000000000000e+06
1.277081000000000000e+06
1.277082000000000000e+06
1.277083000000000000e+06
1.277084000000000000e+06
1.277085000000000000e+06
1.277086000000000000e+06
1.277087000000000000e+06
1.277088000000000000e+06
1.277089000000000000e+06
1.277090000000000000e+06
1.277091000000000000e+06
1.277092000000000000e+06
1.277093000000000000e+06
1.277094000000000000e+06
1.277095000000000000e+06
1.277096000000000000e+06
1.277097000000000000e+06
1.277098000000000000e+06
1.277099000000000000e+06
1.277100000000000000e+06
1.277101000000000000e+06
1.277102000000000000e+06
1.277103000000000000e+06
1.277104000000000000e+06
1.277105000000000000e+06
1.277106000000000000e+06
1.277107000000000000e+06
1.277108000000000000e+06
1.277109000000000000e+06
1.277110000000000000e+06
1.277111000000000000e+06
1.277112000000000000e+06
1.277113000000000000e+06
1.277114000000000000e+06
1.277115000000000000e+06
1.277116000000000000e+06
1.277117000000000000e+06
1.277118000000000000e+06
1.277119000000000000e+06
1.277120000000000000e+06
1.278368000000000000e+06
1.278369000000000000e+06
1.278370000000000000e+06
1.278371000000000000e+06
1.278372000000000000e+06
1.278373000000000000e+06
1.278374000000000000e+06
1.278375000000000000e+06
1.278376000000000000e+06
1.278377000000000000e+06
1.278378000000000000e+06
1.278379000000000000e+06
1.278380000000000000e+06
1.278381000000000000e+06
1.278382000000000000e+06
1.278383000000000000e+06
1.278384000000000000e+06
1.278385000000000000e+06
1.278386000000000000e+06
1.278387000000000000e+06
1.278388000000000000e+06
1.278389000000000000e+06
1.278390000000000000e+06
1.278391000000000000e+06
1.278392000000000000e+06
1.278393000000000000e+06
1.278394000000000000e+06
1.278395000000000000e+06
1.278396000000000000e+06
1.278397000000000000e+06
1.278398000000000000e+06
1.278399000000000000e+06
1.278400000000000000e+06
1.278401000000000000e+06
1.278402000000000000e+06
1.278403000000000000e+06
1.278404000000000000e+06
1.278405000000000000e+06
1.278406000000000000e+06
1.278407000000000000e+06
1.278408000000000000e+06
1.278409000000000000e+06
1.278410000000000000e+06
1.278411000000000000e+06
1.278412000000000000e+06
1.278413000000000000e+06
1.278414000000000000e+06
1.278415000000000000e+06
1.278416000000000000e+06
1.278417000000000000e+06
1.278418000000000000e+06
1.278419000000000000e+06
1.278420000000000000e+06
1.278421000000000000e+06
1.278422000000000000e+06
1.278423000000000000e+06
1.278424000000000000e+06
1.279673000000000000e+06
1.279674000000000000e+06
1.279675000000000000e+06
1.279676000000000000e+06
1.279677000000000000e+06
1.279678000000000000e+06
1.279679000000000000e+06
1.279680000000000000e+06
1.279681000000000000e+06
1.279682000000000000e+06
1.279683000000000000e+06
1.279684000000000000e+06
1.279685000000000000e+06
1.279686000000000000e+06
1.279687000000000000e+06
1.279688000000000000e+06
1.279689000000000000e+06
1.279690000000000000e+06
1.279691000000000000e+06
1.279692000000000000e+06
1.279693000000000000e+06
1.279694000000000000e+06
1.279695000000000000e+06
1.279696000000000000e+06
1.279697000000000000e+06
1.279698000000000000e+06
1.279699000000000000e+06
1.279700000000000000e+06
1.279701000000000000e+06
1.279702000000000000e+06
1.279703000000000000e+06
1.279704000000000000e+06
1.279705000000000000e+06
1.279706000000000000e+06
1.279707000000000000e+06
1.279708000000000000e+06
1.279709000000000000e+06
1.279710000000000000e+06
1.279711000000000000e+06
1.279712000000000000e+06
1.279713000000000000e+06
1.279714000000000000e+06
1.279715000000000000e+06
1.279716000000000000e+06
1.279717000000000000e+06
1.279718000000000000e+06
1.279719000000000000e+06
1.279720000000000000e+06
1.279721000000000000e+06
1.279722000000000000e+06
1.279723000000000000e+06
1.279724000000000000e+06
1.279725000000000000e+06
1.279726000000000000e+06
1.279727000000000000e+06
1.279728000000000000e+06
1.279729000000000000e+06
1.280975000000000000e+06
1.280976000000000000e+06
1.280977000000000000e+06
1.280978000000000000e+06
1.280979000000000000e+06
1.280980000000000000e+06
1.280981000000000000e+06
1.280982000000000000e+06
1.280983000000000000e+06
1.280984000000000000e+06
1.280985000000000000e+06
1.280986000000000000e+06
1.280987000000000000e+06
1.280988000000000000e+06
1.280989000000000000e+06
1.280990000000000000e+06
1.280991000000000000e+06
1.280992000000000000e+06
1.280993000000000000e+06
1.280994000000000000e+06
1.280995000000000000e+06
1.280996000000000000e+06
1.280997000000000000e+06
1.280998000000000000e+06
1.280999000000000000e+06
1.281000000000000000e+06
1.281001000000000000e+06
1.281002000000000000e+06
1.281003000000000000e+06
1.281004000000000000e+06
1.281005000000000000e+06
1.281006000000000000e+06
1.281007000000000000e+06
1.281008000000000000e+06
1.281009000000000000e+06
1.281010000000000000e+06
1.281011000000000000e+06
1.281012000000000000e+06
1.281013000000000000e+06
1.281014000000000000e+06
1.281015000000000000e+06
1.281016000000000000e+06
1.281017000000000000e+06
1.281018000000000000e+06
1.281019000000000000e+06
1.281020000000000000e+06
1.281021000000000000e+06
1.281022000000000000e+06
1.281023000000000000e+06
1.281024000000000000e+06
1.281025000000000000e+06
1.281026000000000000e+06
1.281027000000000000e+06
1.281028000000000000e+06
1.281029000000000000e+06
1.281030000000000000e+06
1.281031000000000000e+06
1.282275000000000000e+06
1.282276000000000000e+06
1.282277000000000000e+06
1.282278000000000000e+06
1.282279000000000000e+06
1.282280000000000000e+06
1.282281000000000000e+06
1.282282000000000000e+06
1.282283000000000000e+06
1.282284000000000000e+06
1.282285000000000000e+06
1.282286000000000000e+06
1.282287000000000000e+06
1.282288000000000000e+06
1.282289000000000000e+06
1.282290000000000000e+06
1.282291000000000000e+06
1.282292000000000000e+06
1.282293000000000000e+06
1.282294000000000000e+06
1.282295000000000000e+06
1.282296000000000000e+06
1.282297000000000000e+06
1.282298000000000000e+06
1.282299000000000000e+06
1.282300000000000000e+06
1.282301000000000000e+06
1.282302000000000000e+06
1.282303000000000000e+06
1.282304000000000000e+06
1.282305000000000000e+06
1.282306000000000000e+06
1.282307000000000000e+06
1.282308000000000000e+06
1.282309000000000000e+06
1.282310000000000000e+06
1.282311000000000000e+06
1.282312000000000000e+06
1.282313000000000000e+06
1.282314000000000000e+06
1.282315000000000000e+06
1.282316000000000000e+06
1.282317000000000000e+06
1.282318000000000000e+06
1.282319000000000000e+06
1.282320000000000000e+06
1.282321000000000000e+06
1.282322000000000000e+06
1.282323000000000000e+06
1.282324000000000000e+06
1.282325000000000000e+06
1.282326000000000000e+06
1.282327000000000000e+06
1.282328000000000000e+06
1.282329000000000000e+06
1.282330000000000000e+06
1.282331000000000000e+06
1.283574000000000000e+06
1.283575000000000000e+06
1.283576000000000000e+06
1.283577000000000000e+06
1.283578000000000000e+06
1.283579000000000000e+06
1.283580000000000000e+06
1.283581000000000000e+06
1.283582000000000000e+06
1.283583000000000000e+06
1.283584000000000000e+06
1.283585000000000000e+06
1.283586000000000000e+06
1.283587000000000000e+06
1.283588000000000000e+06
1.283589000000000000e+06
1.283590000000000000e+06
1.283591000000000000e+06
1.283592000000000000e+06
1.283593000000000000e+06
1.283594000000000000e+06
1.283595000000000000e+06
1.283596000000000000e+06
1.283597000000000000e+06
1.283598000000000000e+06
1.283599000000000000e+06
1.283600000000000000e+06
1.283601000000000000e+06
1.283602000000000000e+06
1.283603000000000000e+06
1.283604000000000000e+06
1.283605000000000000e+06
1.283606000000000000e+06
1.283607000000000000e+06
1.283608000000000000e+06
1.283609000000000000e+06
1.283610000000000000e+06
1.283611000000000000e+06
1.283612000000000000e+06
1.283613000000000000e+06
1.283614000000000000e+06
1.283615000000000000e+06
1.283616000000000000e+06
1.283617000000000000e+06
1.283618000000000000e+06
1.283619000000000000e+06
1.283620000000000000e+06
1.283621000000000000e+06
1.283622000000000000e+06
1.283623000000000000e+06
1.283624000000000000e+06
1.283625000000000000e+06
1.283626000000000000e+06
1.283627000000000000e+06
1.283628000000000000e+06
1.283629000000000000e+06
1.283630000000000000e+06
1.284865000000000000e+06
1.284866000000000000e+06
1.284867000000000000e+06
1.284868000000000000e+06
1.284869000000000000e+06
1.284870000000000000e+06
1.284871000000000000e+06
1.284872000000000000e+06
1.284873000000000000e+06
1.284874000000000000e+06
1.284875000000000000e+06
1.284876000000000000e+06
1.284877000000000000e+06
1.284878000000000000e+06
1.284879000000000000e+06
1.284880000000000000e+06
1.284881000000000000e+06
1.284882000000000000e+06
1.284883000000000000e+06
1.284884000000000000e+06
1.284885000000000000e+06
1.284886000000000000e+06
1.284887000000000000e+06
1.284888000000000000e+06
1.284889000000000000e+06
1.284890000000000000e+06
1.284891000000000000e+06
1.284892000000000000e+06
1.284893000000000000e+06
1.284894000000000000e+06
1.284895000000000000e+06
1.284896000000000000e+06
1.284897000000000000e+06
1.284898000000000000e+06
1.284899000000000000e+06
1.284900000000000000e+06
1.284901000000000000e+06
1.284902000000000000e+06
1.284903000000000000e+06
1.284904000000000000e+06
1.284905000000000000e+06
1.284906000000000000e+06
1.284907000000000000e+06
1.284908000000000000e+06
1.284909000000000000e+06
1.284910000000000000e+06
1.284911000000000000e+06
1.284912000000000000e+06
1.284913000000000000e+06
1.284914000000000000e+06
1.284915000000000000e+06
1.284916000000000000e+06
1.284917000000000000e+06
1.284918000000000000e+06
1.284919000000000000e+06
1.284920000000000000e+06
1.284921000000000000e+06
1.286156000000000000e+06
1.286157000000000000e+06
1.286158000000000000e+06
1.286159000000000000e+06
1.286160000000000000e+06
1.286161000000000000e+06
1.286162000000000000e+06
1.286163000000000000e+06
1.286164000000000000e+06
1.286165000000000000e+06
1.286166000000000000e+06
1.286167000000000000e+06
1.286168000000000000e+06
1.286169000000000000e+06
1.286170000000000000e+06
1.286171000000000000e+06
1.286172000000000000e+06
1.286173000000000000e+06
1.286174000000000000e+06
1.286175000000000000e+06
1.286176000000000000e+06
1.286177000000000000e+06
1.286178000000000000e+06
1.286179000000000000e+06
1.286180000000000000e+06
1.286181000000000000e+06
1.286182000000000000e+06
1.286183000000000000e+06
1.286184000000000000e+06
1.286185000000000000e+06
1.286186000000000000e+06
1.286187000000000000e+06
1.286188000000000000e+06
1.286189000000000000e+06
1.286190000000000000e+06
1.286191000000000000e+06
1.286192000000000000e+06
1.286193000000000000e+06
1.286194000000000000e+06
1.286195000000000000e+06
1.286196000000000000e+06
1.286197000000000000e+06
1.286198000000000000e+06
1.286199000000000000e+06
1.286200000000000000e+06
1.286201000000000000e+06
1.286202000000000000e+06
1.286203000000000000e+06
1.286204000000000000e+06
1.286205000000000000e+06
1.286206000000000000e+06
1.286207000000000000e+06
1.286208000000000000e+06
1.286209000000000000e+06
1.286210000000000000e+06
1.286211000000000000e+06
1.286212000000000000e+06
1.287436000000000000e+06
1.287437000000000000e+06
1.287438000000000000e+06
1.287439000000000000e+06
1.287440000000000000e+06
1.287441000000000000e+06
1.287442000000000000e+06
1.287443000000000000e+06
1.287444000000000000e+06
1.287445000000000000e+06
1.287446000000000000e+06
1.287447000000000000e+06
1.287448000000000000e+06
1.287449000000000000e+06
1.287450000000000000e+06
1.287451000000000000e+06
1.287452000000000000e+06
1.287453000000000000e+06
1.287454000000000000e+06
1.287455000000000000e+06
1.287456000000000000e+06
1.287457000000000000e+06
1.287458000000000000e+06
1.287459000000000000e+06
1.287460000000000000e+06
1.287461000000000000e+06
1.287462000000000000e+06
1.287463000000000000e+06
1.287464000000000000e+06
1.287465000000000000e+06
1.287466000000000000e+06
1.287467000000000000e+06
1.287468000000000000e+06
1.287469000000000000e+06
1.287470000000000000e+06
1.287471000000000000e+06
1.287472000000000000e+06
1.287473000000000000e+06
1.287474000000000000e+06
1.287475000000000000e+06
1.287476000000000000e+06
1.287477000000000000e+06
1.287478000000000000e+06
1.287479000000000000e+06
1.287480000000000000e+06
1.287481000000000000e+06
1.287482000000000000e+06
1.287483000000000000e+06
1.287484000000000000e+06
1.287485000000000000e+06
1.287486000000000000e+06
1.287487000000000000e+06
1.287488000000000000e+06
1.287489000000000000e+06
1.287490000000000000e+06
1.287491000000000000e+06
1.287492000000000000e+06
1.288727000000000000e+06
1.288728000000000000e+06
1.288729000000000000e+06
1.288730000000000000e+06
1.288731000000000000e+06
1.288732000000000000e+06
1.288733000000000000e+06
1.288734000000000000e+06
1.288735000000000000e+06
1.288736000000000000e+06
1.288737000000000000e+06
1.288738000000000000e+06
1.288739000000000000e+06
1.288740000000000000e+06
1.288741000000000000e+06
1.288742000000000000e+06
1.288743000000000000e+06
1.288744000000000000e+06
1.288745000000000000e+06
1.288746000000000000e+06
1.288747000000000000e+06
1.288748000000000000e+06
1.288749000000000000e+06
1.288750000000000000e+06
1.288751000000000000e+06
1.288752000000000000e+06
1.288753000000000000e+06
1.288754000000000000e+06
1.288755000000000000e+06
1.288756000000000000e+06
1.288757000000000000e+06
1.288758000000000000e+06
1.288759000000000000e+06
1.288760000000000000e+06
1.288761000000000000e+06
1.288762000000000000e+06
1.288763000000000000e+06
1.288764000000000000e+06
1.288765000000000000e+06
1.288766000000000000e+06
1.288767000000000000e+06
1.288768000000000000e+06
1.288769000000000000e+06
1.288770000000000000e+06
1.288771000000000000e+06
1.288772000000000000e+06
1.288773000000000000e+06
1.288774000000000000e+06
1.288775000000000000e+06
1.288776000000000000e+06
1.288777000000000000e+06
1.288778000000000000e+06
1.288779000000000000e+06
1.288780000000000000e+06
1.288781000000000000e+06
1.288782000000000000e+06
1.288783000000000000e+06
1.290019000000000000e+06
1.290020000000000000e+06
1.290021000000000000e+06
1.290022000000000000e+06
1.290023000000000000e+06
1.290024000000000000e+06
1.290025000000000000e+06
1.290026000000000000e+06
1.290027000000000000e+06
1.290028000000000000e+06
1.290029000000000000e+06
1.290030000000000000e+06
1.290031000000000000e+06
1.290032000000000000e+06
1.290033000000000000e+06
1.290034000000000000e+06
1.290035000000000000e+06
1.290036000000000000e+06
1.290037000000000000e+06
1.290038000000000000e+06
1.290039000000000000e+06
1.290040000000000000e+06
1.290041000000000000e+06
1.290042000000000000e+06
1.290043000000000000e+06
1.290044000000000000e+06
1.290045000000000000e+06
1.290046000000000000e+06
1.290047000000000000e+06
1.290048000000000000e+06
1.290049000000000000e+06
1.290050000000000000e+06
1.290051000000000000e+06
1.290052000000000000e+06
1.290053000000000000e+06
1.290054000000000000e+06
1.290055000000000000e+06
1.290056000000000000e+06
1.290057000000000000e+06
1.290058000000000000e+06
1.290059000000000000e+06
1.290060000000000000e+06
1.290061000000000000e+06
1.290062000000000000e+06
1.290063000000000000e+06
1.290064000000000000e+06
1.290065000000000000e+06
1.290066000000000000e+06
1.290067000000000000e+06
1.290068000000000000e+06
1.290069000000000000e+06
1.290070000000000000e+06
1.290071000000000000e+06
1.290072000000000000e+06
1.290073000000000000e+06
1.290074000000000000e+06
1.290075000000000000e+06
1.291313000000000000e+06
1.291314000000000000e+06
1.291315000000000000e+06
1.291316000000000000e+06
1.291317000000000000e+06
1.291318000000000000e+06
1.291319000000000000e+06
1.291320000000000000e+06
1.291321000000000000e+06
1.291322000000000000e+06
1.291323000000000000e+06
1.291324000000000000e+06
1.291325000000000000e+06
1.291326000000000000e+06
1.291327000000000000e+06
1.291328000000000000e+06
1.291329000000000000e+06
1.291330000000000000e+06
1.291331000000000000e+06
1.291332000000000000e+06
1.291333000000000000e+06
1.291334000000000000e+06
1.291335000000000000e+06
1.291336000000000000e+06
1.291337000000000000e+06
1.291338000000000000e+06
1.291339000000000000e+06
1.291340000000000000e+06
1.291341000000000000e+06
1.291342000000000000e+06
1.291343000000000000e+06
1.291344000000000000e+06
1.291345000000000000e+06
1.291346000000000000e+06
1.291347000000000000e+06
1.291348000000000000e+06
1.291349000000000000e+06
1.291350000000000000e+06
1.291351000000000000e+06
1.291352000000000000e+06
1.291353000000000000e+06
1.291354000000000000e+06
1.291355000000000000e+06
1.291356000000000000e+06
1.291357000000000000e+06
1.291358000000000000e+06
1.291359000000000000e+06
1.291360000000000000e+06
1.291361000000000000e+06
1.291362000000000000e+06
1.291363000000000000e+06
1.291364000000000000e+06
1.291368000000000000e+06
1.291369000000000000e+06
1.292594000000000000e+06
1.292595000000000000e+06
1.292596000000000000e+06
1.292597000000000000e+06
1.292598000000000000e+06
1.292599000000000000e+06
1.292600000000000000e+06
1.292601000000000000e+06
1.292602000000000000e+06
1.292603000000000000e+06
1.292604000000000000e+06
1.292605000000000000e+06
1.292606000000000000e+06
1.292607000000000000e+06
1.292608000000000000e+06
1.292609000000000000e+06
1.292610000000000000e+06
1.292611000000000000e+06
1.292612000000000000e+06
1.292613000000000000e+06
1.292614000000000000e+06
1.292615000000000000e+06
1.292616000000000000e+06
1.292617000000000000e+06
1.292618000000000000e+06
1.292619000000000000e+06
1.292620000000000000e+06
1.292621000000000000e+06
1.292622000000000000e+06
1.292623000000000000e+06
1.292624000000000000e+06
1.292625000000000000e+06
1.292626000000000000e+06
1.292627000000000000e+06
1.292628000000000000e+06
1.292629000000000000e+06
1.292630000000000000e+06
1.292631000000000000e+06
1.292632000000000000e+06
1.292633000000000000e+06
1.292634000000000000e+06
1.292635000000000000e+06
1.292636000000000000e+06
1.292637000000000000e+06
1.292638000000000000e+06
1.292639000000000000e+06
1.292640000000000000e+06
1.292641000000000000e+06
1.292642000000000000e+06
1.292643000000000000e+06
1.292644000000000000e+06
1.292649000000000000e+06
1.292650000000000000e+06
1.293880000000000000e+06
1.293881000000000000e+06
1.293882000000000000e+06
1.293883000000000000e+06
1.293884000000000000e+06
1.293885000000000000e+06
1.293886000000000000e+06
1.293887000000000000e+06
1.293888000000000000e+06
1.293889000000000000e+06
1.293890000000000000e+06
1.293891000000000000e+06
1.293892000000000000e+06
1.293893000000000000e+06
1.293894000000000000e+06
1.293895000000000000e+06
1.293896000000000000e+06
1.293897000000000000e+06
1.293898000000000000e+06
1.293899000000000000e+06
1.293900000000000000e+06
1.293901000000000000e+06
1.293902000000000000e+06
1.293903000000000000e+06
1.293904000000000000e+06
1.293905000000000000e+06
1.293906000000000000e+06
1.293907000000000000e+06
1.293908000000000000e+06
1.293909000000000000e+06
1.293910000000000000e+06
1.293911000000000000e+06
1.293912000000000000e+06
1.293913000000000000e+06
1.293914000000000000e+06
1.293915000000000000e+06
1.293916000000000000e+06
1.293917000000000000e+06
1.293918000000000000e+06
1.293919000000000000e+06
1.293920000000000000e+06
1.293921000000000000e+06
1.293922000000000000e+06
1.293923000000000000e+06
1.293924000000000000e+06
1.293925000000000000e+06
1.293926000000000000e+06
1.293927000000000000e+06
1.293929000000000000e+06
1.293936000000000000e+06
1.295167000000000000e+06
1.295168000000000000e+06
1.295169000000000000e+06
1.295170000000000000e+06
1.295171000000000000e+06
1.295172000000000000e+06
1.295173000000000000e+06
1.295174000000000000e+06
1.295175000000000000e+06
1.295176000000000000e+06
1.295177000000000000e+06
1.295178000000000000e+06
1.295179000000000000e+06
1.295180000000000000e+06
1.295181000000000000e+06
1.295182000000000000e+06
1.295183000000000000e+06
1.295184000000000000e+06
1.295185000000000000e+06
1.295186000000000000e+06
1.295187000000000000e+06
1.295188000000000000e+06
1.295189000000000000e+06
1.295190000000000000e+06
1.295191000000000000e+06
1.295192000000000000e+06
1.295193000000000000e+06
1.295194000000000000e+06
1.295195000000000000e+06
1.295196000000000000e+06
1.295197000000000000e+06
1.295198000000000000e+06
1.295199000000000000e+06
1.295200000000000000e+06
1.295201000000000000e+06
1.295202000000000000e+06
1.295203000000000000e+06
1.295204000000000000e+06
1.295205000000000000e+06
1.295206000000000000e+06
1.295207000000000000e+06
1.295208000000000000e+06
1.295209000000000000e+06
1.296454000000000000e+06
1.296455000000000000e+06
1.296456000000000000e+06
1.296457000000000000e+06
1.296458000000000000e+06
1.296459000000000000e+06
1.296460000000000000e+06
1.296461000000000000e+06
1.296462000000000000e+06
1.296463000000000000e+06
1.296464000000000000e+06
1.296465000000000000e+06
1.296466000000000000e+06
1.296467000000000000e+06
1.296468000000000000e+06
1.296469000000000000e+06
1.296470000000000000e+06
1.296471000000000000e+06
1.296472000000000000e+06
1.296473000000000000e+06
1.296474000000000000e+06
1.296475000000000000e+06
1.296476000000000000e+06
1.296477000000000000e+06
1.296478000000000000e+06
1.296479000000000000e+06
1.296480000000000000e+06
1.296481000000000000e+06
1.296482000000000000e+06
1.296483000000000000e+06
1.296484000000000000e+06
1.296485000000000000e+06
1.296486000000000000e+06
1.296487000000000000e+06
1.296488000000000000e+06
1.296489000000000000e+06
1.297740000000000000e+06
1.297741000000000000e+06
1.297742000000000000e+06
1.297743000000000000e+06
1.297744000000000000e+06
1.297745000000000000e+06
1.297746000000000000e+06
1.297747000000000000e+06
1.297748000000000000e+06
1.297749000000000000e+06
1.297750000000000000e+06
1.297751000000000000e+06
1.297752000000000000e+06
1.297753000000000000e+06
1.297754000000000000e+06
1.297755000000000000e+06
1.297756000000000000e+06
1.297757000000000000e+06
1.297758000000000000e+06
1.297759000000000000e+06
1.297760000000000000e+06
1.297761000000000000e+06
1.297762000000000000e+06
1.297763000000000000e+06
1.297764000000000000e+06
1.297765000000000000e+06
1.297766000000000000e+06
1.297767000000000000e+06
1.297768000000000000e+06
1.297769000000000000e+06
1.297770000000000000e+06
1.297771000000000000e+06
1.297772000000000000e+06
1.297773000000000000e+06
1.297774000000000000e+06
1.299030000000000000e+06
1.299031000000000000e+06
1.299032000000000000e+06
1.299033000000000000e+06
1.299034000000000000e+06
1.299035000000000000e+06
1.299036000000000000e+06
1.299037000000000000e+06
1.299038000000000000e+06
1.299039000000000000e+06
1.299040000000000000e+06
1.299041000000000000e+06
1.299042000000000000e+06
1.299043000000000000e+06
1.299044000000000000e+06
1.299045000000000000e+06
1.299046000000000000e+06
1.299047000000000000e+06
1.299048000000000000e+06
1.299049000000000000e+06
1.299050000000000000e+06
1.299051000000000000e+06
1.299052000000000000e+06
1.299053000000000000e+06
1.299054000000000000e+06
1.299055000000000000e+06
1.299056000000000000e+06
1.299057000000000000e+06
1.299058000000000000e+06
1.299059000000000000e+06
1.299060000000000000e+06
1.299061000000000000e+06
1.300321000000000000e+06
1.300322000000000000e+06
1.300323000000000000e+06
1.300324000000000000e+06
1.300325000000000000e+06
1.300326000000000000e+06
1.300327000000000000e+06
1.300328000000000000e+06
1.300329000000000000e+06
1.300330000000000000e+06
1.300331000000000000e+06
1.300332000000000000e+06
1.300333000000000000e+06
1.300334000000000000e+06
1.300335000000000000e+06
1.300336000000000000e+06
1.300337000000000000e+06
1.300338000000000000e+06
1.300339000000000000e+06
1.300340000000000000e+06
1.300341000000000000e+06
1.300342000000000000e+06
1.300343000000000000e+06
1.300344000000000000e+06
1.300345000000000000e+06
1.300346000000000000e+06
1.300347000000000000e+06
1.300348000000000000e+06
1.300349000000000000e+06
1.300350000000000000e+06
1.300351000000000000e+06
1.301613000000000000e+06
1.301614000000000000e+06
1.301615000000000000e+06
1.301616000000000000e+06
1.301617000000000000e+06
1.301618000000000000e+06
1.301619000000000000e+06
1.301620000000000000e+06
1.301621000000000000e+06
1.301622000000000000e+06
1.301623000000000000e+06
1.301624000000000000e+06
1.301625000000000000e+06
1.301626000000000000e+06
1.301627000000000000e+06
1.301628000000000000e+06
1.301629000000000000e+06
1.301630000000000000e+06
1.301631000000000000e+06
1.301632000000000000e+06
1.301633000000000000e+06
1.301634000000000000e+06
1.301635000000000000e+06
1.301636000000000000e+06
1.301637000000000000e+06
1.301638000000000000e+06
1.301639000000000000e+06
1.301640000000000000e+06
1.301641000000000000e+06
1.301642000000000000e+06
1.301643000000000000e+06
1.302903000000000000e+06
1.302904000000000000e+06
1.302905000000000000e+06
1.302906000000000000e+06
1.302907000000000000e+06
1.302908000000000000e+06
1.302909000000000000e+06
1.302910000000000000e+06
1.302911000000000000e+06
1.302912000000000000e+06
1.302913000000000000e+06
1.302914000000000000e+06
1.302915000000000000e+06
1.302916000000000000e+06
1.302917000000000000e+06
1.302918000000000000e+06
1.302919000000000000e+06
1.302920000000000000e+06
1.302921000000000000e+06
1.302922000000000000e+06
1.302923000000000000e+06
1.302924000000000000e+06
1.302925000000000000e+06
1.302926000000000000e+06
1.302927000000000000e+06
1.302928000000000000e+06
1.302929000000000000e+06
1.302930000000000000e+06
1.304194000000000000e+06
1.304195000000000000e+06
1.304196000000000000e+06
1.304197000000000000e+06
1.304198000000000000e+06
1.304199000000000000e+06
1.304200000000000000e+06
1.304201000000000000e+06
1.304202000000000000e+06
1.304203000000000000e+06
1.304204000000000000e+06
1.304205000000000000e+06
1.304206000000000000e+06
1.304207000000000000e+06
1.304208000000000000e+06
1.304209000000000000e+06
1.304210000000000000e+06
1.304211000000000000e+06
1.304212000000000000e+06
1.304213000000000000e+06
1.304214000000000000e+06
1.304215000000000000e+06
1.304216000000000000e+06
1.304217000000000000e+06
1.304218000000000000e+06
1.304219000000000000e+06
1.304220000000000000e+06
1.305487000000000000e+06
1.305488000000000000e+06
1.305489000000000000e+06
1.305490000000000000e+06
1.305491000000000000e+06
1.305492000000000000e+06
1.305493000000000000e+06
1.305494000000000000e+06
1.305495000000000000e+06
1.305496000000000000e+06
1.305497000000000000e+06
1.305498000000000000e+06
1.305499000000000000e+06
1.305500000000000000e+06
1.305501000000000000e+06
1.305502000000000000e+06
1.305503000000000000e+06
1.305504000000000000e+06
1.305505000000000000e+06
1.305506000000000000e+06
1.305507000000000000e+06
1.305508000000000000e+06
1.305509000000000000e+06
1.305510000000000000e+06
1.306781000000000000e+06
1.306782000000000000e+06
1.306783000000000000e+06
1.306784000000000000e+06
1.306785000000000000e+06
1.306786000000000000e+06
1.306787000000000000e+06
1.306788000000000000e+06
1.306789000000000000e+06
1.306790000000000000e+06
1.306791000000000000e+06
1.306792000000000000e+06
1.306793000000000000e+06
1.306794000000000000e+06
1.306795000000000000e+06
1.306796000000000000e+06
1.306797000000000000e+06
1.306798000000000000e+06
1.306799000000000000e+06
1.306801000000000000e+06
1.306802000000000000e+06
1.306803000000000000e+06
1.308078000000000000e+06
1.308079000000000000e+06
1.308080000000000000e+06
1.308081000000000000e+06
1.308082000000000000e+06
1.308083000000000000e+06
1.308084000000000000e+06
1.308085000000000000e+06
1.308086000000000000e+06
1.308087000000000000e+06
1.308088000000000000e+06
1.308089000000000000e+06
1.308090000000000000e+06
1.308091000000000000e+06
1.308092000000000000e+06
1.308093000000000000e+06
1.308094000000000000e+06
1.309376000000000000e+06
1.309377000000000000e+06
1.309378000000000000e+06
1.309379000000000000e+06
1.309380000000000000e+06
1.309381000000000000e+06
1.309382000000000000e+06
1.309383000000000000e+06
1.309384000000000000e+06
1.309385000000000000e+06
1.309386000000000000e+06
1.309387000000000000e+06
1.309388000000000000e+06
1.309389000000000000e+06
1.309390000000000000e+06
1.309391000000000000e+06
1.310674000000000000e+06
1.310675000000000000e+06
1.310676000000000000e+06
1.310677000000000000e+06
1.310678000000000000e+06
1.310679000000000000e+06
1.310680000000000000e+06
1.310681000000000000e+06
1.310682000000000000e+06
1.310683000000000000e+06
1.310684000000000000e+06
1.310685000000000000e+06
1.310686000000000000e+06
1.310687000000000000e+06
1.310688000000000000e+06
1.310689000000000000e+06
1.311975000000000000e+06
1.311976000000000000e+06
1.311977000000000000e+06
1.311978000000000000e+06
1.311979000000000000e+06
1.311980000000000000e+06
1.311981000000000000e+06
1.311982000000000000e+06
1.311983000000000000e+06
1.311984000000000000e+06
1.311985000000000000e+06
1.311986000000000000e+06
1.311987000000000000e+06
1.311988000000000000e+06
1.311989000000000000e+06
1.311990000000000000e+06
1.313278000000000000e+06
1.313279000000000000e+06
1.313280000000000000e+06
1.313281000000000000e+06
1.313282000000000000e+06
1.313283000000000000e+06
1.313284000000000000e+06
1.313285000000000000e+06
1.313286000000000000e+06
1.313287000000000000e+06
1.313288000000000000e+06
1.313289000000000000e+06
1.313290000000000000e+06
1.313291000000000000e+06
1.313292000000000000e+06
1.313293000000000000e+06
1.314589000000000000e+06
1.314590000000000000e+06
1.314591000000000000e+06
1.314592000000000000e+06
1.314593000000000000e+06
1.314594000000000000e+06
1.314595000000000000e+06
1.314596000000000000e+06
1.314597000000000000e+06
1.314598000000000000e+06
1.314599000000000000e+06
1.314600000000000000e+06
1.314601000000000000e+06
1.314602000000000000e+06
1.314603000000000000e+06
1.314604000000000000e+06
1.315910000000000000e+06
1.315911000000000000e+06
1.315912000000000000e+06
1.315913000000000000e+06
1.315914000000000000e+06
1.315915000000000000e+06
1.315916000000000000e+06
1.315917000000000000e+06
1.315918000000000000e+06
1.315919000000000000e+06
1.315920000000000000e+06
1.315921000000000000e+06
1.315922000000000000e+06
1.315923000000000000e+06
1.315924000000000000e+06
1.315925000000000000e+06
1.317231000000000000e+06
1.317232000000000000e+06
1.317233000000000000e+06
1.317234000000000000e+06
1.317235000000000000e+06
1.317236000000000000e+06
1.317237000000000000e+06
1.317238000000000000e+06
1.317239000000000000e+06
1.317240000000000000e+06
1.317241000000000000e+06
1.317242000000000000e+06
1.317243000000000000e+06
1.317244000000000000e+06
1.317245000000000000e+06
1.317246000000000000e+06
1.318552000000000000e+06
1.318553000000000000e+06
1.318554000000000000e+06
1.318555000000000000e+06
1.318556000000000000e+06
1.318557000000000000e+06
1.318558000000000000e+06
1.318559000000000000e+06
1.318560000000000000e+06
1.318561000000000000e+06
1.318562000000000000e+06
1.318563000000000000e+06
1.318564000000000000e+06
1.318565000000000000e+06
1.318566000000000000e+06
1.319872000000000000e+06
1.319873000000000000e+06
1.319874000000000000e+06
1.319875000000000000e+06
1.319876000000000000e+06
1.319877000000000000e+06
1.319878000000000000e+06
1.319879000000000000e+06
1.319880000000000000e+06
1.319881000000000000e+06
1.319882000000000000e+06
1.319883000000000000e+06
1.319884000000000000e+06
1.319885000000000000e+06
1.319886000000000000e+06
1.321190000000000000e+06
1.321191000000000000e+06
1.321192000000000000e+06
1.321193000000000000e+06
1.321194000000000000e+06
1.321195000000000000e+06
1.321196000000000000e+06
1.321198000000000000e+06
1.321199000000000000e+06
1.321200000000000000e+06
1.321201000000000000e+06
1.321202000000000000e+06
1.321203000000000000e+06
1.322503000000000000e+06
1.322504000000000000e+06
1.322505000000000000e+06
1.322506000000000000e+06
1.322507000000000000e+06
1.322508000000000000e+06
1.322512000000000000e+06
1.322513000000000000e+06
1.322514000000000000e+06
1.322515000000000000e+06
1.323818000000000000e+06
1.323819000000000000e+06
1.323820000000000000e+06
1.323821000000000000e+06
1.325136000000000000e+06
