STATION           DATE     PRCP     TMAX     TMIN     TOBS     WT01     WT06     WT11     WT03     
----------------- -------- -------- -------- -------- -------- -------- -------- -------- -------- 
GHCND:USC00193229 20160501 0.00     69       42       46       -9999    -9999    -9999    -9999    
GHCND:USC00193229 20160502 0.02     48       38       43       -9999    -9999    -9999    -9999    
GHCND:USC00193229 20160503 0.52     49       42       47       -9999    -9999    -9999    -9999    
GHCND:USC00193229 20160504 0.03     50       44       48       -9999    -9999    -9999    -9999    
GHCND:USC00193229 20160505 0.12     49       45       48       -9999    -9999    -9999    -9999    
GHCND:USC00193229 20160506 0.00     55       44       53       -9999    -9999    -9999    -9999    
GHCND:USC00193229 20160507 0.55     67       48       49       -9999    -9999    -9999    -9999    
GHCND:USC00193229 20160508 0.02     56       47       51       -9999    -9999    -9999    -9999    
GHCND:USC00193229 20160509 0.05     63       48       50       -9999    -9999    -9999    -9999    
GHCND:USC00193229 20160510 0.00     64       38       44       -9999    -9999    -9999    -9999    
GHCND:USC00193229 20160511 0.00     74       34       47       -9999    -9999    -9999    -9999    
GHCND:USC00193229 20160512 0.00     82       41       66       -9999    -9999    -9999    -9999    
GHCND:USC00193229 20160513 0.00     83       53       54       -9999    -9999    -9999    -9999    
GHCND:USC00193229 20160514 0.32     67       49       51       -9999    -9999    -9999    -9999    
GHCND:USC00193229 20160515 0.16     75       47       48       -9999    -9999    -9999    -9999    
GHCND:USC00193229 20160516 0.00     57       43       43       -9999    -9999    -9999    -9999    
GHCND:USC00193229 20160517 0.00     59       43       45       -9999    -9999    -9999    -9999    
GHCND:USC00193229 20160518 0.00     68       45       53       -9999    -9999    -9999    -9999    
GHCND:USC00193229 20160519 0.00     73       53       58       -9999    -9999    -9999    -9999    
GHCND:USC00193229 20160520 0.08     70       48       50       -9999    -9999    -9999    -9999    
GHCND:USC00193229 20160521 0.00     74       43       47       -9999    -9999    -9999    -9999    
GHCND:USC00193229 20160522 0.01     70       47       55       -9999    -9999    -9999    -9999    
GHCND:USC00193229 20160523 0.00     74       51       58       -9999    -9999    -9999    -9999    
GHCND:USC00193229 20160524 0.10     85       58       60       -9999    -9999    -9999    -9999    
GHCND:USC00193229 20160525 0.04     65       58       60       -9999    -9999    -9999    -9999    
GHCND:USC00193229 20160526 0.00     81       60       62       -9999    -9999    -9999    -9999    
GHCND:USC00193229 20160527 0.00     94       62       72       -9999    -9999    -9999    -9999    
GHCND:USC00193229 20160528 0.00     87       67       67       -9999    -9999    -9999    -9999    
GHCND:USC00193229 20160529 0.00     91       66       66       -9999    -9999    -9999    -9999    
GHCND:USC00193229 20160530 0.05     80       62       63       -9999    -9999    -9999    -9999    
GHCND:USC00193229 20160531 0.65     80       63       67       -9999    -9999    -9999    -9999    
GHCND:USC00193229 20160601 0.00     84       52       63       -9999    -9999    -9999    -9999    
GHCND:USC00193229 20160602 0.00     80       51       62       -9999    -9999    -9999    -9999    
GHCND:USC00193229 20160603 0.04     78       50       58       -9999    -9999    -9999    -9999    
GHCND:USC00193229 20160604 0.00     70       58       65       -9999    -9999    -9999    -9999    
GHCND:USC00193229 20160605 0.00     87       63       64       -9999    -9999    -9999    -9999    
GHCND:USC00193229 20160606 1.13     69       59       67       -9999    -9999    -9999    -9999    
GHCND:USC00193229 20160607 0.06     83       56       61       -9999    -9999    -9999    -9999    
GHCND:USC00193229 20160608 0.52     83       53       64       -9999    -9999    -9999    -9999    
GHCND:USC00193229 20160609 0.00     69       51       54       -9999    -9999    -9999    -9999    
GHCND:USC00193229 20160610 0.00     68       45       59       -9999    -9999    -9999    -9999    
GHCND:USC00193229 20160611 0.00     74       46       46       -9999    -9999    -9999    -9999    
GHCND:USC00193229 20160612 0.22     62       46       59       -9999    -9999    -9999    -9999    
GHCND:USC00193229 20160613 0.00     74       50       60       -9999    -9999    -9999    -9999    
GHCND:USC00193229 20160614 0.00     71       47       51       -9999    -9999    -9999    -9999    
GHCND:USC00193229 20160615 0.00     78       51       58       -9999    -9999    -9999    -9999    
GHCND:USC00193229 20160616 0.00     84       57       59       -9999    -9999    -9999    -9999    
GHCND:USC00193229 20160617 0.00     85       54       61       -9999    -9999    -9999    -9999    
GHCND:USC00193229 20160618 0.00     83       51       51       -9999    -9999    -9999    -9999    
GHCND:USC00193229 20160619 0.00     87       51       53       -9999    -9999    -9999    -9999    
GHCND:USC00193229 20160620 0.00     87       53       59       -9999    -9999    -9999    -9999    
GHCND:USC00193229 20160621 0.21     87       59       64       -9999    -9999    -9999    -9999    
GHCND:USC00193229 20160622 0.00     83       48       55       -9999    -9999    -9999    -9999    
GHCND:USC00193229 20160623 0.00     77       47       55       -9999    -9999    -9999    -9999    
GHCND:USC00193229 20160624 0.00     84       50       56       -9999    -9999    -9999    -9999    
GHCND:USC00193229 20160625 0.00     84       52       52       -9999    -9999    -9999    -9999    
GHCND:USC00193229 20160626 0.00     87       52       55       -9999    -9999    -9999    -9999    
GHCND:USC00193229 20160627 0.00     89       55       64       -9999    -9999    -9999    -9999    
GHCND:USC00193229 20160628 0.00     85       63       63       -9999    -9999    -9999    -9999    
GHCND:USC00193229 20160629 0.04     79       63       69       -9999    -9999    -9999    -9999    
GHCND:USC00193229 20160630 0.00     85       58       63       -9999    -9999    -9999    -9999    
GHCND:USC00193229 20160701 0.00     86       55       62       -9999    -9999    -9999    -9999    
GHCND:USC00193229 20160702 0.05     85       57       57       -9999    -9999    -9999    -9999    
GHCND:USC00193229 20160703 0.00     77       50       51       -9999    -9999    -9999    -9999    
GHCND:USC00193229 20160704 0.00     84       51       52       -9999    -9999    -9999    -9999    
GHCND:USC00193229 20160705 0.10     88       52       63       -9999    -9999    -9999    -9999    
GHCND:USC00193229 20160706 0.00     89       61       65       -9999    -9999    -9999    -9999    
GHCND:USC00193229 20160707 0.00     93       64       66       -9999    -9999    -9999    -9999    
GHCND:USC00193229 20160708 0.16     91       66       67       -9999    -9999    -9999    -9999    
GHCND:USC00193229 20160709 0.04     91       58       58       -9999    -9999    -9999    -9999    
GHCND:USC00193229 20160710 0.24     64       58       59       -9999    -9999    -9999    -9999    
GHCND:USC00193229 20160711 0.04     75       56       60       -9999    -9999    -9999    -9999    
GHCND:USC00193229 20160712 0.00     80       54       55       -9999    -9999    -9999    -9999    
GHCND:USC00193229 20160713 0.00     87       55       66       -9999    -9999    -9999    -9999    
GHCND:USC00193229 20160714 0.00     91       66       71       -9999    -9999    -9999    -9999    
GHCND:USC00193229 20160715 0.80     86       70       71       -9999    -9999    -9999    -9999    
GHCND:USC00193229 20160716 0.20     92       66       66       -9999    -9999    -9999    -9999    
GHCND:USC00193229 20160717 0.00     87       65       65       -9999    -9999    -9999    -9999    
GHCND:USC00193229 20160718 0.00     89       63       65       -9999    -9999    -9999    -9999    
GHCND:USC00193229 20160719 0.17     91       61       65       -9999    -9999    -9999    -9999    
GHCND:USC00193229 20160720 0.00     79       51       55       -9999    -9999    -9999    -9999    
GHCND:USC00193229 20160721 0.00     81       54       57       -9999    -9999    -9999    -9999    
GHCND:USC00193229 20160722 0.00     88       57       67       -9999    -9999    -9999    -9999    
GHCND:USC00193229 20160723 0.00     94       57       66       -9999    -9999    -9999    -9999    
GHCND:USC00193229 20160724 0.03     92       59       59       -9999    -9999    -9999    -9999    
GHCND:USC00193229 20160725 0.00     90       59       66       -9999    -9999    -9999    -9999    
GHCND:USC00193229 20160726 0.00     93       62       68       -9999    -9999    -9999    -9999    
GHCND:USC00193229 20160727 0.00     89       62       64       -9999    -9999    -9999    -9999    
GHCND:USC00193229 20160728 0.00     92       61       62       -9999    -9999    -9999    -9999    
GHCND:USC00193229 20160729 0.01     92       62       69       -9999    -9999    -9999    -9999    
GHCND:USC00193229 20160730 0.10     88       60       60       -9999    -9999    -9999    -9999    
GHCND:USC00193229 20160731 0.05     83       60       60       -9999    -9999    -9999    -9999    
GHCND:USC00193229 20160801 1.15     73       60       65       -9999    -9999    -9999    -9999    
GHCND:USC00193229 20160802 0.48     71       62       62       -9999    -9999    -9999    -9999    
GHCND:USC00193229 20160803 0.06     78       57       58       1        -9999    -9999    -9999    
GHCND:USC00193229 20160804 0.00     84       56       56       -9999    -9999    -9999    -9999    
GHCND:USC00193229 20160805 0.00     86       56       58       -9999    -9999    -9999    -9999    
GHCND:USC00193229 20160806 0.00     88       58       68       -9999    -9999    -9999    -9999    
GHCND:USC00193229 20160807 0.00     88       60       60       -9999    -9999    -9999    -9999    
GHCND:USC00193229 20160808 0.00     85       58       58       -9999    -9999    -9999    -9999    
GHCND:USC00193229 20160809 0.00     85       55       55       -9999    -9999    -9999    -9999    
GHCND:USC00193229 20160810 0.01     89       55       58       -9999    -9999    -9999    -9999    
GHCND:USC00193229 20160811 0.45     83       58       71       -9999    -9999    -9999    -9999    
GHCND:USC00193229 20160812 0.00     93       71       72       -9999    -9999    -9999    -9999    
GHCND:USC00193229 20160813 0.02     91       71       71       -9999    -9999    -9999    -9999    
GHCND:USC00193229 20160814 0.83     92       71       72       -9999    -9999    -9999    -9999    
GHCND:USC00193229 20160815 0.00     92       65       66       -9999    -9999    -9999    -9999    
GHCND:USC00193229 20160816 0.01     87       64       65       -9999    -9999    -9999    -9999    
GHCND:USC00193229 20160817 0.10     81       61       74       -9999    -9999    -9999    -9999    
GHCND:USC00193229 20160818 0.00     82       61       62       -9999    -9999    -9999    -9999    
GHCND:USC00193229 20160819 0.00     88       62       66       -9999    -9999    -9999    -9999    
GHCND:USC00193229 20160820 0.00     88       57       57       -9999    -9999    -9999    -9999    
GHCND:USC00193229 20160821 0.00     88       56       70       -9999    -9999    -9999    -9999    
GHCND:USC00193229 20160822 0.65     83       62       62       1        -9999    -9999    -9999    
GHCND:USC00193229 20160823 0.00     75       49       49       1        -9999    -9999    -9999    
GHCND:USC00193229 20160824 0.00     81       49       55       1        -9999    -9999    -9999    
GHCND:USC00193229 20160825 0.00     88       55       60       -9999    -9999    -9999    -9999    
GHCND:USC00193229 20160826 0.00     87       60       67       -9999    -9999    -9999    -9999    
GHCND:USC00193229 20160827 0.00     89       60       60       -9999    -9999    -9999    -9999    
GHCND:USC00193229 20160828 0.00     88       60       61       -9999    -9999    -9999    -9999    
GHCND:USC00193229 20160829 0.00     88       61       66       -9999    -9999    -9999    -9999    
GHCND:USC00193229 20160830 0.00     83       53       53       -9999    -9999    -9999    -9999    
GHCND:USC00193229 20160831 0.00     85       53       58       -9999    -9999    -9999    -9999    
GHCND:USC00193229 20160901 0.00     79       58       65       -9999    -9999    -9999    -9999    
GHCND:USC00193229 20160902 0.00     83       52       52       -9999    -9999    -9999    -9999    
GHCND:USC00193229 20160903 0.00     81       51       51       -9999    -9999    -9999    -9999    
GHCND:USC00193229 20160904 0.00     76       51       51       -9999    -9999    -9999    -9999    
GHCND:USC00193229 20160905 0.00     81       50       51       -9999    -9999    -9999    -9999    
GHCND:USC00193229 20160906 0.00     81       50       67       -9999    -9999    -9999    -9999    
GHCND:USC00193229 20160907 0.00     82       65       65       -9999    -9999    -9999    -9999    
GHCND:USC00193229 20160908 0.00     83       62       64       -9999    -9999    -9999    -9999    
GHCND:USC00193229 20160909 0.37     87       64       72       -9999    -9999    -9999    -9999    
GHCND:USC00193229 20160910 0.02     89       65       67       -9999    -9999    -9999    -9999    
GHCND:USC00193229 20160911 0.02     84       66       74       -9999    -9999    -9999    -9999    
GHCND:USC00193229 20160912 0.32     79       46       48       -9999    -9999    -9999    -9999    
GHCND:USC00193229 20160913 0.00     78       48       53       -9999    -9999    -9999    -9999    
GHCND:USC00193229 20160914 0.00     85       53       62       -9999    -9999    -9999    -9999    
GHCND:USC00193229 20160915 0.00     85       46       53       -9999    -9999    -9999    -9999    
GHCND:USC00193229 20160916 0.00     73       43       44       -9999    -9999    -9999    -9999    
GHCND:USC00193229 20160917 0.00     76       44       48       -9999    -9999    -9999    -9999    
GHCND:USC00193229 20160918 0.00     79       48       66       -9999    -9999    -9999    -9999    
GHCND:USC00193229 20160919 1.60     78       66       67       -9999    -9999    -9999    -9999    
GHCND:USC00193229 20160920 0.10     73       66       67       -9999    -9999    -9999    -9999    
GHCND:USC00193229 20160921 0.00     82       58       59       -9999    -9999    -9999    -9999    
GHCND:USC00193229 20160922 0.00     80       52       53       -9999    -9999    -9999    -9999    
GHCND:USC00193229 20160923 0.00     85       52       58       -9999    -9999    -9999    -9999    
GHCND:USC00193229 20160924 0.00     78       49       50       -9999    -9999    -9999    -9999    
GHCND:USC00193229 20160925 0.00     68       39       39       -9999    -9999    -9999    -9999    
GHCND:USC00193229 20160926 0.00     68       36       37       -9999    -9999    -9999    -9999    
GHCND:USC00193229 20160927 0.38     67       37       57       -9999    -9999    -9999    -9999    
GHCND:USC00193229 20160928 0.00     73       50       56       -9999    -9999    -9999    -9999    
GHCND:USC00193229 20160929 0.00     60       49       53       -9999    -9999    -9999    -9999    
GHCND:USC00193229 20160930 0.00     68       48       51       -9999    -9999    -9999    -9999    
GHCND:USC00193229 20161001 0.34     62       46       47       -9999    -9999    -9999    -9999    
GHCND:USC00193229 20161002 0.06     54       47       51       -9999    -9999    -9999    -9999    
GHCND:USC00193229 20161003 0.00     58       51       55       -9999    -9999    -9999    -9999    
GHCND:USC00193229 20161004 0.08     73       55       56       -9999    -9999    -9999    -9999    
GHCND:USC00193229 20161005 0.00     65       45       47       -9999    -9999    -9999    -9999    
GHCND:USC00193229 20161006 0.00     69       42       42       -9999    -9999    -9999    -9999    
GHCND:USC00193229 20161007 0.00     73       42       43       -9999    -9999    -9999    -9999    
GHCND:USC00193229 20161008 0.00     75       43       45       -9999    -9999    -9999    -9999    
GHCND:USC00193229 20161009 0.01     66       45       56       -9999    -9999    -9999    -9999    
GHCND:USC00193229 20161010 0.25     56       42       43       -9999    -9999    -9999    -9999    
GHCND:USC00193229 20161011 0.00     59       31       32       -9999    -9999    -9999    -9999    
GHCND:USC00193229 20161012 0.00     65       32       42       -9999    -9999    -9999    -9999    
GHCND:USC00193229 20161013 0.00     67       41       44       -9999    -9999    -9999    -9999    
GHCND:USC00193229 20161014 0.00     69       35       36       -9999    -9999    -9999    -9999    
GHCND:USC00193229 20161015 0.00     59       30       30       -9999    -9999    -9999    -9999    
GHCND:USC00193229 20161016 0.00     61       29       35       -9999    -9999    -9999    -9999    
GHCND:USC00193229 20161017 0.00     70       35       50       -9999    -9999    -9999    -9999    
GHCND:USC00193229 20161018 0.18     74       50       57       -9999    -9999    -9999    -9999    
GHCND:USC00193229 20161019 0.00     73       57       59       -9999    -9999    -9999    -9999    
GHCND:USC00193229 20161020 0.00     76       44       44       -9999    -9999    -9999    -9999    
GHCND:USC00193229 20161021 0.00     65       44       59       -9999    -9999    -9999    -9999    
GHCND:USC00193229 20161022 0.14     65       44       53       -9999    -9999    -9999    -9999    
GHCND:USC00193229 20161023 0.08     55       41       43       -9999    -9999    -9999    -9999    
GHCND:USC00193229 20161024 0.00     58       41       41       -9999    -9999    -9999    -9999    
GHCND:USC00193229 20161025 0.00     58       33       36       -9999    -9999    -9999    -9999    
GHCND:USC00193229 20161026 0.00     50       31       39       -9999    -9999    -9999    -9999    
GHCND:USC00193229 20161027 0.00     50       25       28       -9999    -9999    -9999    -9999    
GHCND:USC00193229 20161028 1.04     36       28       36       -9999    -9999    -9999    -9999    
GHCND:USC00193229 20161029 0.00     49       34       35       -9999    -9999    -9999    -9999    
GHCND:USC00193229 20161030 0.00     50       35       49       -9999    -9999    -9999    -9999    
GHCND:USC00193229 20161031 0.03     65       37       37       -9999    -9999    -9999    -9999    
GHCND:USC00193229 20161101 0.00     53       25       26       -9999    -9999    -9999    -9999    
GHCND:USC00193229 20161102 0.00     54       26       39       -9999    -9999    -9999    -9999    
GHCND:USC00193229 20161103 0.00     66       39       48       -9999    -9999    -9999    -9999    
GHCND:USC00193229 20161104 0.06     60       41       42       -9999    -9999    -9999    -9999    
GHCND:USC00193229 20161105 0.00     58       27       29       -9999    -9999    -9999    -9999    
GHCND:USC00193229 20161106 0.03     54       29       40       -9999    -9999    -9999    -9999    
GHCND:USC00193229 20161107 0.00     54       26       29       -9999    -9999    -9999    -9999    
GHCND:USC00193229 20161108 0.00     53       26       28       -9999    -9999    -9999    -9999    
GHCND:USC00193229 20161109 0.00     65       28       36       -9999    -9999    -9999    -9999    
GHCND:USC00193229 20161110 0.10     46       29       30       -9999    -9999    -9999    -9999    
GHCND:USC00193229 20161111 0.00     56       30       30       -9999    -9999    -9999    -9999    
GHCND:USC00193229 20161112 0.00     56       28       28       -9999    -9999    -9999    -9999    
GHCND:USC00193229 20161113 0.00     49       26       45       -9999    -9999    -9999    -9999    
GHCND:USC00193229 20161114 0.00     61       24       27       -9999    -9999    -9999    -9999    
GHCND:USC00193229 20161115 0.00     64       27       38       -9999    -9999    -9999    -9999    
GHCND:USC00193229 20161116 0.87     48       38       46       -9999    -9999    -9999    -9999    
GHCND:USC00193229 20161117 0.00     53       31       32       -9999    -9999    -9999    -9999    
GHCND:USC00193229 20161118 0.00     59       31       32       -9999    -9999    -9999    -9999    
GHCND:USC00193229 20161119 0.00     64       31       31       -9999    -9999    -9999    -9999    
GHCND:USC00193229 20161120 0.41     64       30       38       -9999    -9999    -9999    -9999    
GHCND:USC00193229 20161121 0.09     64       30       31       -9999    -9999    -9999    -9999    
GHCND:USC00193229 20161122 0.00     35       30       31       -9999    -9999    -9999    -9999    
GHCND:USC00193229 20161123 0.00     41       28       28       -9999    -9999    -9999    -9999    
GHCND:USC00193229 20161124 0.00     33       25       31       -9999    -9999    -9999    -9999    
GHCND:USC00193229 20161125 0.05     40       31       36       -9999    -9999    -9999    -9999    
GHCND:USC00193229 20161126 0.03     40       30       34       -9999    -9999    -9999    -9999    
GHCND:USC00193229 20161127 0.00     43       27       28       -9999    -9999    -9999    -9999    
GHCND:USC00193229 20161128 0.00     42       21       22       -9999    -9999    -9999    -9999    
GHCND:USC00193229 20161129 0.04     48       21       32       -9999    -9999    -9999    -9999    
GHCND:USC00193229 20161130 0.73     40       32       38       -9999    -9999    -9999    -9999    
GHCND:USC00193229 20161201 1.55     46       38       39       -9999    -9999    -9999    -9999    
GHCND:USC00193229 20161202 0.00     53       32       36       -9999    -9999    -9999    -9999    
GHCND:USC00193229 20161203 0.00     48       36       38       -9999    -9999    -9999    -9999    
GHCND:USC00193229 20161204 0.00     44       30       34       -9999    -9999    -9999    -9999    
GHCND:USC00193229 20161205 0.14     44       25       28       -9999    -9999    -9999    -9999    
GHCND:USC00193229 20161206 0.00     34       23       23       -9999    -9999    -9999    -9999    
GHCND:USC00193229 20161207 0.20     45       23       32       -9999    -9999    -9999    -9999    
GHCND:USC00193229 20161208 0.00     39       28       28       -9999    -9999    -9999    -9999    
GHCND:USC00193229 20161209 0.00     36       28       31       -9999    -9999    -9999    -9999    
GHCND:USC00193229 20161210 0.00     40       15       15       -9999    -9999    -9999    -9999    
GHCND:USC00193229 20161211 0.00     32       10       10       -9999    -9999    -9999    -9999    
GHCND:USC00193229 20161212 0.57     35       10       28       -9999    -9999    -9999    -9999    
GHCND:USC00193229 20161213 0.00     37       23       23       -9999    -9999    -9999    -9999    
GHCND:USC00193229 20161214 0.00     43       22       24       -9999    -9999    -9999    -9999    
GHCND:USC00193229 20161215 0.00     37       15       20       -9999    -9999    -9999    -9999    
GHCND:USC00193229 20161216 0.00     25       -4       -4       -9999    -9999    -9999    -9999    
GHCND:USC00193229 20161217 0.11     22       -4       13       -9999    -9999    -9999    -9999    
GHCND:USC00193229 20161218 0.76     32       13       31       -9999    -9999    -9999    -9999    
GHCND:USC00193229 20161219 0.55     48       15       15       -9999    -9999    -9999    -9999    
GHCND:USC00193229 20161220 0.00     25       -5       -4       -9999    -9999    -9999    -9999    
GHCND:USC00193229 20161221 0.00     27       -4       4        -9999    -9999    -9999    -9999    
GHCND:USC00193229 20161222 0.01     42       4        25       -9999    -9999    -9999    -9999    
GHCND:USC00193229 20161223 0.08     38       22       22       -9999    -9999    -9999    -9999    
GHCND:USC00193229 20161224 0.00     47       21       32       -9999    -9999    -9999    -9999    
GHCND:USC00193229 20161225 0.21     41       29       29       -9999    -9999    -9999    -9999    
GHCND:USC00193229 20161226 0.00     45       12       12       -9999    -9999    -9999    -9999    
GHCND:USC00193229 20161227 0.10     45       12       40       -9999    -9999    -9999    -9999    
GHCND:USC00193229 20161228 0.00     53       32       33       -9999    -9999    -9999    -9999    
GHCND:USC00193229 20161229 0.00     39       25       26       -9999    -9999    -9999    -9999    
GHCND:USC00193229 20161230 0.52     39       25       31       -9999    -9999    -9999    -9999    
GHCND:USC00193229 20161231 0.00     38       21       24       -9999    -9999    -9999    -9999    
GHCND:USC00193229 20170101 0.02     36       21       32       -9999    -9999    -9999    -9999    
GHCND:USC00193229 20170102 0.00     44       16       17       -9999    -9999    -9999    -9999    
GHCND:USC00193229 20170103 0.02     34       16       32       -9999    -9999    -9999    -9999    
GHCND:USC00193229 20170104 0.80     37       32       37       -9999    -9999    -9999    -9999    
GHCND:USC00193229 20170105 0.00     44       23       24       -9999    -9999    -9999    -9999    
GHCND:USC00193229 20170106 0.01     32       23       24       -9999    -9999    -9999    -9999    
GHCND:USC00193229 20170107 0.00     30       12       13       -9999    -9999    -9999    -9999    
GHCND:USC00193229 20170108 0.06     20       9        9        -9999    -9999    -9999    -9999    
GHCND:USC00193229 20170109 0.00     26       -1       -1       -9999    -9999    -9999    -9999    
GHCND:USC00193229 20170110 0.00     26       -1       6        -9999    -9999    -9999    -9999    
GHCND:USC00193229 20170111 0.10     43       6        41       -9999    -9999    -9999    -9999    
GHCND:USC00193229 20170112 0.10     56       31       42       -9999    -9999    -9999    -9999    
GHCND:USC00193229 20170113 0.17     52       37       38       -9999    -9999    -9999    -9999    
GHCND:USC00193229 20170114 0.00     41       15       15       -9999    -9999    -9999    -9999    
GHCND:USC00193229 20170115 0.00     29       13       16       -9999    -9999    -9999    -9999    
GHCND:USC00193229 20170116 0.00     39       13       14       -9999    -9999    -9999    -9999    
GHCND:USC00193229 20170117 0.00     45       12       20       -9999    -9999    -9999    -9999    
GHCND:USC00193229 20170118 0.40     38       19       32       -9999    -9999    -9999    -9999    
GHCND:USC00193229 20170119 0.01     36       31       33       -9999    -9999    -9999    -9999    
GHCND:USC00193229 20170120 0.00     46       31       32       -9999    -9999    -9999    -9999    
GHCND:USC00193229 20170121 0.00     46       31       34       -9999    -9999    -9999    -9999    
GHCND:USC00193229 20170122 0.00     53       31       33       -9999    -9999    -9999    -9999    
GHCND:USC00193229 20170123 0.18     53       31       33       -9999    -9999    -9999    -9999    
GHCND:USC00193229 20170124 0.86     35       31       34       -9999    -9999    -9999    -9999    
GHCND:USC00193229 20170125 0.21     36       32       32       -9999    -9999    -9999    -9999    
GHCND:USC00193229 20170126 0.03     41       32       32       -9999    -9999    -9999    -9999    
GHCND:USC00193229 20170127 0.00     49       32       37       -9999    -9999    -9999    -9999    
GHCND:USC00193229 20170128 0.00     41       33       34       -9999    -9999    -9999    -9999    
GHCND:USC00193229 20170129 0.00     37       26       26       -9999    -9999    -9999    -9999    
GHCND:USC00193229 20170130 0.00     41       17       19       -9999    -9999    -9999    -9999    
GHCND:USC00193229 20170131 0.00     35       13       16       -9999    -9999    -9999    -9999    
GHCND:USC00193229 20170201 0.09     28       11       23       -9999    -9999    -9999    -9999    
GHCND:USC00193229 20170202 0.00     36       14       16       -9999    -9999    -9999    -9999    
GHCND:USC00193229 20170203 0.00     40       13       13       -9999    -9999    -9999    -9999    
GHCND:USC00193229 20170204 0.00     34       13       14       -9999    -9999    -9999    -9999    
GHCND:USC00193229 20170205 0.00     34       12       21       -9999    -9999    -9999    -9999    
GHCND:USC00193229 20170206 0.00     40       20       28       -9999    -9999    -9999    -9999    
GHCND:USC00193229 20170207 0.00     37       28       31       -9999    -9999    -9999    -9999    
GHCND:USC00193229 20170208 0.77     32       27       31       -9999    -9999    -9999    -9999    
GHCND:USC00193229 20170209 0.07     50       26       26       -9999    -9999    -9999    -9999    
GHCND:USC00193229 20170210 0.48     26       -2       0        -9999    -9999    -9999    -9999    
GHCND:USC00193229 20170211 0.12     29       -1       18       -9999    -9999    -9999    -9999    
GHCND:USC00193229 20170212 0.00     26       15       18       -9999    -9999    -9999    -9999    
GHCND:USC00193229 20170213 0.86     26       15       17       -9999    -9999    -9999    -9999    
GHCND:USC00193229 20170214 0.00     35       9        11       -9999    -9999    -9999    -9999    
GHCND:USC00193229 20170215 0.00     41       11       28       -9999    -9999    -9999    -9999    
GHCND:USC00193229 20170216 0.00     42       28       29       -9999    -9999    -9999    -9999    
GHCND:USC00193229 20170217 0.00     36       13       19       -9999    -9999    -9999    -9999    
GHCND:USC00193229 20170218 0.00     40       16       20       -9999    -9999    -9999    -9999    
GHCND:USC00193229 20170219 0.00     54       20       24       -9999    -9999    -9999    -9999    
GHCND:USC00193229 20170220 0.00     62       24       29       -9999    -9999    -9999    -9999    
GHCND:USC00193229 20170221 0.00     47       15       18       -9999    -9999    -9999    -9999    
GHCND:USC00193229 20170222 0.00     45       18       32       -9999    -9999    -9999    -9999    
GHCND:USC00193229 20170223 0.00     55       30       31       -9999    -9999    -9999    -9999    
GHCND:USC00193229 20170224 0.25     66       30       38       -9999    -9999    -9999    -9999    
GHCND:USC00193229 20170225 0.00     72       37       42       -9999    -9999    -9999    -9999    
GHCND:USC00193229 20170226 0.41     67       35       35       -9999    -9999    -9999    -9999    
GHCND:USC00193229 20170227 0.00     40       25       28       -9999    -9999    -9999    -9999    
GHCND:USC00193229 20170228 0.00     54       28       32       -9999    -9999    -9999    -9999    
GHCND:USC00193229 20170301 0.02     59       32       48       1        -9999    -9999    -9999    
GHCND:USC00193229 20170302 0.01     60       36       36       -9999    -9999    -9999    -9999    
GHCND:USC00193229 20170303 0.00     36       22       24       -9999    -9999    -9999    -9999    
GHCND:USC00193229 20170304 0.00     37       10       12       -9999    -9999    -9999    -9999    
GHCND:USC00193229 20170305 0.00     23       7        8        -9999    -9999    -9999    -9999    
GHCND:USC00193229 20170306 0.00     31       6        15       -9999    -9999    -9999    -9999    
GHCND:USC00193229 20170307 0.01     45       15       33       -9999    -9999    -9999    -9999    
GHCND:USC00193229 20170308 0.03     46       33       43       -9999    -9999    -9999    -9999    
GHCND:USC00193229 20170309 0.00     58       33       44       -9999    -9999    -9999    -9999    
GHCND:USC00193229 20170310 0.00     47       30       31       -9999    -9999    -9999    -9999    
GHCND:USC00193229 20170311 0.00     37       8        8        -9999    -9999    -9999    -9999    
GHCND:USC00193229 20170312 0.00     21       6        8        -9999    -9999    -9999    -9999    
GHCND:USC00193229 20170313 0.00     26       6        7        -9999    -9999    -9999    -9999    
GHCND:USC00193229 20170314 0.17     37       6        21       -9999    -9999    -9999    -9999    
GHCND:USC00193229 20170315 1.32     27       13       14       -9999    -9999    -9999    -9999    
GHCND:USC00193229 20170316 0.00     26       13       19       -9999    -9999    -9999    -9999    
GHCND:USC00193229 20170317 0.00     36       13       17       -9999    -9999    -9999    -9999    
GHCND:USC00193229 20170318 0.00     45       11       13       -9999    -9999    -9999    -9999    
GHCND:USC00193229 20170319 0.00     47       11       30       -9999    -9999    -9999    -9999    
GHCND:USC00193229 20170320 0.00     45       18       21       -9999    -9999    -9999    -9999    
GHCND:USC00193229 20170321 0.00     56       21       28       -9999    -9999    -9999    -9999    
GHCND:USC00193229 20170322 0.00     55       27       34       -9999    -9999    -9999    -9999    
GHCND:USC00193229 20170323 0.00     35       12       15       -9999    -9999    -9999    -9999    
GHCND:USC00193229 20170324 0.00     39       15       28       -9999    -9999    -9999    -9999    
GHCND:USC00193229 20170325 0.05     42       28       36       -9999    -9999    -9999    -9999    
GHCND:USC00193229 20170326 0.13     41       24       24       -9999    -9999    -9999    -9999    
GHCND:USC00193229 20170327 0.25     39       24       33       -9999    -9999    -9999    -9999    
GHCND:USC00193229 20170328 0.43     41       33       36       -9999    -9999    -9999    -9999    
GHCND:USC00193229 20170329 0.41     44       36       39       -9999    -9999    -9999    -9999    
GHCND:USC00193229 20170330 0.00     52       27       28       -9999    -9999    -9999    -9999    
GHCND:USC00193229 20170331 0.03     51       28       37       -9999    -9999    -9999    -9999    
GHCND:USC00193229 20170401 1.25     37       32       33       -9999    -9999    -9999    -9999    
GHCND:USC00193229 20170402 0.21     40       32       33       -9999    -9999    -9999    -9999    
GHCND:USC00193229 20170403 0.00     58       27       31       -9999    -9999    -9999    -9999    
GHCND:USC00193229 20170404 0.47     63       31       41       -9999    -9999    -9999    -9999    
GHCND:USC00193229 20170405 0.45     43       37       37       -9999    -9999    -9999    -9999    
GHCND:USC00193229 20170406 0.01     55       37       39       -9999    -9999    -9999    -9999    
GHCND:USC00193229 20170407 0.74     45       38       45       -9999    -9999    -9999    -9999    
GHCND:USC00193229 20170408 0.00     50       36       37       -9999    -9999    -9999    -9999    
GHCND:USC00193229 20170409 0.00     54       28       28       -9999    -9999    -9999    -9999    
GHCND:USC00193229 20170410 0.00     69       28       40       -9999    -9999    -9999    -9999    
GHCND:USC00193229 20170411 0.00     81       40       50       -9999    -9999    -9999    -9999    
GHCND:USC00193229 20170412 0.00     86       48       51       -9999    -9999    -9999    -9999    
GHCND:USC00193229 20170413 0.11     64       42       44       -9999    -9999    -9999    -9999    
GHCND:USC00193229 20170414 0.00     60       30       36       -9999    -9999    -9999    -9999    
GHCND:USC00193229 20170415 0.00     65       30       31       -9999    -9999    -9999    -9999    
GHCND:USC00193229 20170416 0.02     71       30       50       -9999    -9999    -9999    -9999    
GHCND:USC00193229 20170417 0.00     85       50       54       -9999    -9999    -9999    -9999    
GHCND:USC00193229 20170418 0.00     69       38       44       -9999    -9999    -9999    -9999    
GHCND:USC00193229 20170419 0.00     60       39       42       -9999    -9999    -9999    -9999    
GHCND:USC00193229 20170420 0.08     55       41       45       -9999    -9999    -9999    -9999    
GHCND:USC00193229 20170421 0.47     67       41       45       -9999    -9999    -9999    -9999    
GHCND:USC00193229 20170422 0.15     49       42       43       -9999    -9999    -9999    -9999    
GHCND:USC00193229 20170423 0.00     54       36       36       -9999    -9999    -9999    -9999    
GHCND:USC00193229 20170424 0.00     71       36       42       -9999    -9999    -9999    -9999    
GHCND:USC00193229 20170425 0.00     75       42       51       -9999    -9999    -9999    -9999    
GHCND:USC00193229 20170426 0.79     53       48       49       -9999    -9999    -9999    -9999    
GHCND:USC00193229 20170427 0.04     59       48       55       -9999    -9999    -9999    -9999    
GHCND:USC00193229 20170428 0.00     68       55       58       -9999    -9999    -9999    -9999    
GHCND:USC00193229 20170429 0.00     84       56       57       -9999    -9999    -9999    -9999    
GHCND:USC00193229 20170430 0.00     79       48       48       -9999    -9999    -9999    -9999    
GHCND:USC00193229 20170501 0.11     56       46       46       -9999    -9999    -9999    -9999    
GHCND:USC00193229 20170502 1.08     55       46       50       -9999    -9999    -9999    -9999    
GHCND:USC00193229 20170503 0.03     70       46       54       -9999    -9999    -9999    -9999    
GHCND:USC00193229 20170504 0.01     59       32       39       -9999    -9999    -9999    -9999    
GHCND:USC00193229 20170505 0.03     68       39       44       -9999    -9999    -9999    -9999    
GHCND:USC00193229 20170506 1.56     50       44       48       -9999    -9999    -9999    -9999    
GHCND:USC00193229 20170507 0.22     70       48       51       -9999    -9999    -9999    -9999    
GHCND:USC00193229 20170508 0.04     61       41       45       -9999    -9999    -9999    -9999    
GHCND:USC00193229 20170509 0.00     51       36       40       -9999    -9999    -9999    -9999    
GHCND:USC00193229 20170510 0.00     54       38       43       -9999    -9999    -9999    -9999    
GHCND:USC00193229 20170511 0.00     57       40       49       -9999    -9999    -9999    -9999    
GHCND:USC00193229 20170512 0.00     66       44       49       -9999    -9999    -9999    -9999    
GHCND:USC00193229 20170513 0.00     68       44       45       -9999    -9999    -9999    -9999    
GHCND:USC00193229 20170514 1.94     57       35       37       -9999    -9999    -9999    -9999    
GHCND:USC00193229 20170515 0.08     59       37       47       -9999    -9999    -9999    -9999    
GHCND:USC00193229 20170516 0.00     67       45       59       -9999    -9999    -9999    -9999    
GHCND:USC00193229 20170517 0.00     78       51       58       -9999    -9999    -9999    -9999    
GHCND:USC00193229 20170518 0.00     92       58       73       -9999    -9999    -9999    -9999    
GHCND:USC00193229 20170519 0.48     94       60       67       -9999    -9999    -9999    -9999    
GHCND:USC00193229 20170520 0.00     86       50       54       -9999    -9999    -9999    -9999    
GHCND:USC00193229 20170521 0.00     72       40       40       -9999    -9999    -9999    -9999    
GHCND:USC00193229 20170522 0.12     70       40       49       -9999    -9999    -9999    -9999    
GHCND:USC00193229 20170523 0.10     52       45       50       -9999    -9999    -9999    -9999    
GHCND:USC00193229 20170524 0.00     69       50       54       -9999    -9999    -9999    -9999    
GHCND:USC00193229 20170525 0.00     75       50       52       -9999    -9999    -9999    -9999    
GHCND:USC00193229 20170526 1.40     58       50       51       -9999    -9999    -9999    -9999    
GHCND:USC00193229 20170527 0.24     58       51       51       -9999    -9999    -9999    -9999    
GHCND:USC00193229 20170528 0.00     73       51       56       -9999    -9999    -9999    -9999    
GHCND:USC00193229 20170529 0.00     72       49       50       -9999    -9999    -9999    -9999    
GHCND:USC00193229 20170530 0.18     57       50       52       -9999    -9999    -9999    -9999    
GHCND:USC00193229 20170531 0.13     61       52       55       -9999    -9999    -9999    -9999    
GHCND:USC00193229 20170601 0.37     73       52       54       -9999    -9999    -9999    -9999    
GHCND:USC00193229 20170602 0.00     72       42       51       -9999    -9999    -9999    -9999    
GHCND:USC00193229 20170603 0.00     70       42       42       -9999    -9999    -9999    -9999    
GHCND:USC00193229 20170604 0.00     70       42       45       -9999    -9999    -9999    -9999    
GHCND:USC00193229 20170605 0.32     71       45       55       -9999    -9999    -9999    -9999    
GHCND:USC00193229 20170606 0.97     61       49       49       -9999    -9999    -9999    -9999    
GHCND:USC00193229 20170607 1.10     52       49       51       -9999    -9999    -9999    -9999    
GHCND:USC00193229 20170608 0.00     75       46       53       -9999    -9999    -9999    -9999    
GHCND:USC00193229 20170609 0.00     80       48       57       -9999    -9999    -9999    -9999    
GHCND:USC00193229 20170610 0.00     77       50       50       -9999    -9999    -9999    -9999    
GHCND:USC00193229 20170611 0.00     85       50       58       -9999    -9999    -9999    -9999    
GHCND:USC00193229 20170612 0.00     93       58       70       -9999    -9999    -9999    -9999    
GHCND:USC00193229 20170613 0.00     94       64       72       -9999    -9999    -9999    -9999    
GHCND:USC00193229 20170614 0.00     91       56       59       -9999    -9999    -9999    -9999    
GHCND:USC00193229 20170615 0.00     82       48       52       -9999    -9999    -9999    -9999    
GHCND:USC00193229 20170616 0.00     78       52       61       -9999    -9999    -9999    -9999    
GHCND:USC00193229 20170617 0.17     69       60       60       -9999    -9999    -9999    -9999    
GHCND:USC00193229 20170618 0.00     73       60       68       -9999    -9999    -9999    -9999    
GHCND:USC00193229 20170619 0.00     84       68       73       -9999    -9999    -9999    -9999    
GHCND:USC00193229 20170620 1.00     86       68       70       -9999    -9999    -9999    -9999    
GHCND:USC00193229 20170621 0.00     83       57       59       -9999    -9999    -9999    -9999    
GHCND:USC00193229 20170622 0.00     82       52       57       -9999    -9999    -9999    -9999    
GHCND:USC00193229 20170623 0.00     82       57       64       -9999    -9999    -9999    -9999    
GHCND:USC00193229 20170624 0.03     88       64       72       -9999    -9999    -9999    -9999    
GHCND:USC00193229 20170625 0.00     83       56       56       -9999    -9999    -9999    -9999    
GHCND:USC00193229 20170626 0.00     82       53       70       -9999    -9999    -9999    -9999    
GHCND:USC00193229 20170627 0.28     77       55       55       -9999    -9999    -9999    -9999    
GHCND:USC00193229 20170628 0.57     73       49       49       1        -9999    -9999    -9999    
GHCND:USC00193229 20170629 0.00     77       49       54       -9999    -9999    -9999    -9999    
GHCND:USC00193229 20170630 0.00     76       54       65       -9999    -9999    -9999    -9999    
GHCND:USC00193229 20170701 1.18     85       63       69       -9999    -9999    -9999    -9999    
GHCND:USC00193229 20170702 0.05     85       68       69       -9999    -9999    -9999    -9999    
GHCND:USC00193229 20170703 0.00     86       63       63       -9999    -9999    -9999    -9999    
GHCND:USC00193229 20170704 0.00     83       55       55       -9999    -9999    -9999    -9999    
GHCND:USC00193229 20170705 0.00     83       53       56       -9999    -9999    -9999    -9999    
GHCND:USC00193229 20170706 0.00     84       56       60       -9999    -9999    -9999    -9999    
GHCND:USC00193229 20170707 0.00     81       60       64       -9999    -9999    -9999    -9999    
GHCND:USC00193229 20170708 0.10     82       62       65       -9999    -9999    -9999    -9999    
GHCND:USC00193229 20170709 0.22     80       58       58       -9999    -9999    -9999    -9999    
GHCND:USC00193229 20170710 0.00     81       55       57       -9999    -9999    -9999    -9999    
GHCND:USC00193229 20170711 0.07     85       57       66       -9999    -9999    -9999    -9999    
GHCND:USC00193229 20170712 0.12     83       64       65       -9999    -9999    -9999    -9999    
GHCND:USC00193229 20170713 0.48     82       65       70       -9999    -9999    -9999    -9999    
GHCND:USC00193229 20170714 0.02     79       58       59       -9999    -9999    -9999    -9999    
GHCND:USC00193229 20170715 0.03     64       59       63       -9999    -9999    -9999    -9999    
GHCND:USC00193229 20170716 0.00     83       60       60       -9999    -9999    -9999    -9999    
GHCND:USC00193229 20170717 0.00     86       59       60       -9999    -9999    -9999    -9999    
GHCND:USC00193229 20170718 0.02     87       60       66       -9999    -9999    -9999    -9999    
GHCND:USC00193229 20170719 0.00     87       66       67       -9999    -9999    -9999    -9999    
GHCND:USC00193229 20170720 0.00     89       64       66       -9999    -9999    -9999    -9999    
GHCND:USC00193229 20170721 0.00     90       59       62       -9999    -9999    -9999    -9999    
GHCND:USC00193229 20170722 0.00     88       62       63       -9999    -9999    -9999    -9999    
GHCND:USC00193229 20170723 0.00     80       61       61       -9999    -9999    -9999    -9999    
GHCND:USC00193229 20170724 0.04     77       60       60       -9999    -9999    -9999    -9999    
GHCND:USC00193229 20170725 0.78     65       55       56       -9999    -9999    -9999    -9999    
GHCND:USC00193229 20170726 0.01     65       52       53       -9999    -9999    -9999    -9999    
GHCND:USC00193229 20170727 0.00     80       53       61       -9999    -9999    -9999    -9999    
GHCND:USC00193229 20170728 0.14     70       60       61       -9999    -9999    -9999    -9999    
GHCND:USC00193229 20170729 0.00     80       56       56       -9999    -9999    -9999    -9999    
GHCND:USC00193229 20170730 0.00     76       50       50       -9999    -9999    -9999    -9999    
GHCND:USC00193229 20170731 0.00     81       50       53       -9999    -9999    -9999    -9999    
GHCND:USC00193229 20170801 0.00     87       53       60       -9999    -9999    -9999    -9999    
GHCND:USC00193229 20170802 0.00     87       60       61       -9999    -9999    -9999    -9999    
GHCND:USC00193229 20170803 0.00     86       61       63       -9999    -9999    -9999    -9999    
GHCND:USC00193229 20170804 0.00     83       61       67       -9999    -9999    -9999    -9999    
GHCND:USC00193229 20170805 0.02     82       62       69       -9999    -9999    -9999    -9999    
GHCND:USC00193229 20170806 0.68     77       55       57       -9999    -9999    -9999    -9999    
GHCND:USC00193229 20170807 0.00     75       53       53       -9999    -9999    -9999    -9999    
GHCND:USC00193229 20170808 0.19     71       53       61       -9999    -9999    -9999    -9999    
GHCND:USC00193229 20170809 0.00     78       52       53       -9999    -9999    -9999    -9999    
GHCND:USC00193229 20170810 0.15     84       52       62       -9999    -9999    -9999    -9999    
GHCND:USC00193229 20170811 0.00     86       61       61       -9999    -9999    -9999    -9999    
GHCND:USC00193229 20170812 0.24     83       61       63       -9999    -9999    -9999    -9999    
GHCND:USC00193229 20170813 0.49     79       62       62       -9999    -9999    -9999    -9999    
GHCND:USC00193229 20170814 0.00     82       56       64       -9999    -9999    -9999    -9999    
GHCND:USC00193229 20170815 0.30     78       56       62       -9999    -9999    -9999    -9999    
GHCND:USC00193229 20170816 0.01     77       62       64       -9999    -9999    -9999    -9999    
GHCND:USC00193229 20170817 0.00     82       52       52       -9999    -9999    -9999    -9999    
GHCND:USC00193229 20170818 0.00     80       52       63       -9999    -9999    -9999    -9999    
GHCND:USC00193229 20170819 0.52     76       63       68       -9999    -9999    -9999    -9999    
GHCND:USC00193229 20170820 0.00     85       63       64       -9999    -9999    -9999    -9999    
GHCND:USC00193229 20170821 0.00     82       57       57       -9999    -9999    -9999    -9999    
GHCND:USC00193229 20170822 0.00     85       57       63       -9999    -9999    -9999    -9999    
GHCND:USC00193229 20170823 0.51     89       63       66       -9999    -9999    -9999    -9999    
GHCND:USC00193229 20170824 0.00     78       53       53       -9999    -9999    -9999    -9999    
GHCND:USC00193229 20170825 0.00     78       53       57       -9999    -9999    -9999    -9999    
GHCND:USC00193229 20170826 0.00     73       47       47       -9999    -9999    -9999    -9999    
GHCND:USC00193229 20170827 0.00     74       46       46       -9999    -9999    -9999    -9999    
GHCND:USC00193229 20170828 0.00     74       46       47       -9999    -9999    -9999    -9999    
GHCND:USC00193229 20170829 0.00     76       47       49       -9999    -9999    -9999    -9999    
GHCND:USC00193229 20170830 0.00     64       49       56       -9999    -9999    -9999    -9999    
GHCND:USC00193229 20170831 0.00     75       49       50       -9999    -9999    -9999    -9999    
GHCND:USC00193229 20170901 0.00     74       43       44       -9999    -9999    -9999    -9999    
GHCND:USC00193229 20170902 0.00     67       40       40       -9999    -9999    -9999    -9999    
GHCND:USC00193229 20170903 0.07     70       40       53       -9999    -9999    -9999    -9999    
GHCND:USC00193229 20170904 1.10     57       50       51       -9999    -9999    -9999    -9999    
GHCND:USC00193229 20170905 0.00     79       51       62       -9999    -9999    -9999    -9999    
GHCND:USC00193229 20170906 0.26     83       62       65       -9999    -9999    -9999    -9999    
GHCND:USC00193229 20170907 0.72     65       58       59       -9999    -9999    -9999    -9999    
GHCND:USC00193229 20170908 0.04     73       50       51       -9999    -9999    -9999    -9999    
GHCND:USC00193229 20170909 0.00     67       46       46       -9999    -9999    -9999    -9999    
GHCND:USC00193229 20170910 0.00     69       46       46       -9999    -9999    -9999    -9999    
GHCND:USC00193229 20170911 0.00     73       44       49       -9999    -9999    -9999    -9999    
GHCND:USC00193229 20170912 0.00     78       47       48       -9999    -9999    -9999    -9999    
GHCND:USC00193229 20170913 0.00     82       48       49       -9999    -9999    -9999    -9999    
GHCND:USC00193229 20170914 0.00     80       49       64       -9999    -9999    -9999    -9999    
GHCND:USC00193229 20170915 0.00     81       64       64       -9999    -9999    -9999    -9999    
GHCND:USC00193229 20170916 0.00     83       63       66       -9999    -9999    -9999    -9999    
GHCND:USC00193229 20170917 0.00     84       60       60       -9999    -9999    -9999    -9999    
GHCND:USC00193229 20170918 0.02     85       58       65       -9999    -9999    -9999    -9999    
GHCND:USC00193229 20170919 0.00     76       63       68       -9999    -9999    -9999    -9999    
GHCND:USC00193229 20170920 0.00     76       65       69       -9999    -9999    -9999    -9999    
GHCND:USC00193229 20170921 0.00     76       65       67       -9999    -9999    -9999    -9999    
GHCND:USC00193229 20170922 0.00     78       59       65       -9999    -9999    -9999    -9999    
GHCND:USC00193229 20170923 0.00     77       57       58       -9999    -9999    -9999    -9999    
GHCND:USC00193229 20170924 0.00     86       56       59       -9999    -9999    -9999    -9999    
GHCND:USC00193229 20170925 0.00     90       58       66       -9999    -9999    -9999    -9999    
GHCND:USC00193229 20170926 0.00     91       66       66       -9999    -9999    -9999    -9999    
GHCND:USC00193229 20170927 0.00     87       64       64       -9999    -9999    -9999    -9999    
GHCND:USC00193229 20170928 0.00     87       62       63       -9999    -9999    -9999    -9999    
GHCND:USC00193229 20170929 0.00     74       42       44       -9999    -9999    -9999    -9999    
GHCND:USC00193229 20170930 0.06     67       44       49       -9999    -9999    -9999    -9999    
GHCND:USC00193229 20171001 0.12     52       42       42       -9999    -9999    -9999    -9999    
GHCND:USC00193229 20171002 0.00     66       38       38       -9999    -9999    -9999    -9999    
GHCND:USC00193229 20171003 0.00     70       38       41       -9999    -9999    -9999    -9999    
GHCND:USC00193229 20171004 0.00     70       41       47       -9999    -9999    -9999    -9999    
GHCND:USC00193229 20171005 0.00     75       46       56       -9999    -9999    -9999    -9999    
GHCND:USC00193229 20171006 0.00     77       48       50       -9999    -9999    -9999    -9999    
GHCND:USC00193229 20171007 0.03     63       50       55       -9999    -9999    -9999    -9999    
GHCND:USC00193229 20171008 0.00     73       55       70       -9999    -9999    -9999    -9999    
GHCND:USC00193229 20171009 0.62     75       63       63       -9999    -9999    -9999    -9999    
GHCND:USC00193229 20171010 0.71     73       60       61       -9999    -9999    -9999    -9999    
GHCND:USC00193229 20171011 0.00     78       53       53       -9999    -9999    -9999    -9999    
GHCND:USC00193229 20171012 0.02     70       49       49       -9999    -9999    -9999    -9999    
GHCND:USC00193229 20171013 0.00     63       34       34       -9999    -9999    -9999    -9999    
GHCND:USC00193229 20171014 0.00     66       34       53       -9999    -9999    -9999    -9999    
GHCND:USC00193229 20171015 0.00     74       53       55       -9999    -9999    -9999    -9999    
GHCND:USC00193229 20171016 0.03     75       55       55       -9999    -9999    -9999    -9999    
GHCND:USC00193229 20171017 0.00     56       32       32       -9999    -9999    -9999    -9999    
GHCND:USC00193229 20171018 0.00     59       32       35       -9999    -9999    -9999    -9999    
GHCND:USC00193229 20171019 0.00     73       35       39       -9999    -9999    -9999    -9999    
GHCND:USC00193229 20171020 0.00     75       39       48       -9999    -9999    -9999    -9999    
GHCND:USC00193229 20171021 0.00     70       38       38       -9999    -9999    -9999    -9999    
GHCND:USC00193229 20171022 0.00     74       37       42       -9999    -9999    -9999    -9999    
GHCND:USC00193229 20171023 0.00     74       40       44       -9999    -9999    -9999    -9999    
GHCND:USC00193229 20171024 0.03     69       44       67       -9999    -9999    -9999    -9999    
GHCND:USC00193229 20171025 2.53     71       61       61       -9999    -9999    -9999    -9999    
GHCND:USC00193229 20171026 0.32     67       51       51       -9999    -9999    -9999    -9999    
GHCND:USC00193229 20171027 0.32     54       40       41       -9999    -9999    -9999    -9999    
GHCND:USC00193229 20171028 0.00     62       37       37       -9999    -9999    -9999    -9999    
GHCND:USC00193229 20171029 0.01     66       35       56       -9999    -9999    -9999    -9999    
GHCND:USC00193229 20171030 2.35     67       55       61       -9999    -9999    -9999    -9999    
GHCND:USC00193229 20171031 0.11     61       37       37       -9999    -9999    -9999    -9999    
GHCND:USC00193229 20171101 0.00     59       31       31       -9999    -9999    -9999    -9999    
GHCND:USC00193229 20171102 0.06     47       31       46       -9999    -9999    -9999    -9999    
GHCND:USC00193229 20171103 0.02     62       46       59       -9999    -9999    -9999    -9999    
GHCND:USC00193229 20171104 0.01     67       36       36       -9999    -9999    -9999    -9999    
GHCND:USC00193229 20171105 0.00     52       34       39       -9999    -9999    -9999    -9999    
GHCND:USC00193229 20171106 0.06     57       39       57       -9999    -9999    -9999    -9999    
GHCND:USC00193229 20171107 0.09     63       37       38       -9999    -9999    -9999    -9999    
GHCND:USC00193229 20171108 0.00     44       34       35       -9999    -9999    -9999    -9999    
GHCND:USC00193229 20171109 0.00     48       26       26       -9999    -9999    -9999    -9999    
GHCND:USC00193229 20171110 0.00     48       26       37       -9999    -9999    -9999    -9999    
GHCND:USC00193229 20171111 0.00     37       17       17       -9999    -9999    -9999    -9999    
GHCND:USC00193229 20171112 0.00     37       16       22       -9999    -9999    -9999    -9999    
GHCND:USC00193229 20171113 0.00     45       22       32       -9999    -9999    -9999    -9999    
GHCND:USC00193229 20171114 0.00     40       32       36       -9999    -9999    -9999    -9999    
GHCND:USC00193229 20171115 0.00     40       30       31       -9999    -9999    -9999    -9999    
GHCND:USC00193229 20171116 0.01     48       29       35       -9999    -9999    -9999    -9999    
GHCND:USC00193229 20171117 0.25     48       29       36       -9999    -9999    -9999    -9999    
GHCND:USC00193229 20171118 0.00     45       21       21       -9999    -9999    -9999    -9999    
GHCND:USC00193229 20171119 0.21     37       20       37       -9999    -9999    -9999    -9999    
GHCND:USC00193229 20171120 0.00     51       31       33       -9999    -9999    -9999    -9999    
GHCND:USC00193229 20171121 0.00     42       26       26       -9999    -9999    -9999    -9999    
GHCND:USC00193229 20171122 0.00     57       26       35       -9999    -9999    -9999    -9999    
GHCND:USC00193229 20171123 0.12     44       29       29       -9999    -9999    -9999    -9999    
GHCND:USC00193229 20171124 0.00     42       24       24       -9999    -9999    -9999    -9999    
GHCND:USC00193229 20171125 0.00     49       23       27       -9999    -9999    -9999    -9999    
GHCND:USC00193229 20171126 0.00     57       26       39       -9999    -9999    -9999    -9999    
GHCND:USC00193229 20171127 0.00     44       29       33       -9999    -9999    -9999    -9999    
GHCND:USC00193229 20171128 0.00     46       19       21       -9999    -9999    -9999    -9999    
GHCND:USC00193229 20171129 0.00     40       21       32       -9999    -9999    -9999    -9999    
GHCND:USC00193229 20171130 0.00     59       21       22       -9999    -9999    -9999    -9999    
GHCND:USC00193229 20171201 0.00     43       22       35       -9999    -9999    -9999    -9999    
GHCND:USC00193229 20171202 0.00     46       23       27       -9999    -9999    -9999    -9999    
GHCND:USC00193229 20171203 0.00     41       25       29       -9999    -9999    -9999    -9999    
GHCND:USC00193229 20171204 0.00     41       25       27       -9999    -9999    -9999    -9999    
GHCND:USC00193229 20171205 0.00     48       27       37       -9999    -9999    -9999    -9999    
GHCND:USC00193229 20171206 0.50     54       37       38       -9999    -9999    -9999    -9999    
GHCND:USC00193229 20171207 0.00     46       23       27       -9999    -9999    -9999    -9999    
GHCND:USC00193229 20171208 0.00     41       22       22       -9999    -9999    -9999    -9999    
GHCND:USC00193229 20171209 0.00     39       21       28       -9999    -9999    -9999    -9999    
GHCND:USC00193229 20171210 0.85     33       25       25       -9999    -9999    -9999    -9999    
GHCND:USC00193229 20171211 0.00     40       23       27       -9999    -9999    -9999    -9999    
GHCND:USC00193229 20171212 0.08     40       27       29       -9999    -9999    -9999    -9999    
GHCND:USC00193229 20171213 0.72     33       15       15       -9999    -9999    -9999    -9999    
GHCND:USC00193229 20171214 0.00     23       15       16       -9999    -9999    -9999    -9999    
GHCND:USC00193229 20171215 0.00     28       6        6        -9999    -9999    -9999    -9999    
GHCND:USC00193229 20171216 0.00     22       6        12       -9999    -9999    -9999    -9999    
GHCND:USC00193229 20171217 0.00     31       6        6        -9999    -9999    -9999    -9999    
GHCND:USC00193229 20171218 0.00     31       4        20       -9999    -9999    -9999    -9999    
GHCND:USC00193229 20171219 0.00     30       20       30       -9999    -9999    -9999    -9999    
GHCND:USC00193229 20171220 0.00     51       30       37       -9999    -9999    -9999    -9999    
GHCND:USC00193229 20171221 0.00     41       25       25       -9999    -9999    -9999    -9999    
GHCND:USC00193229 20171222 0.00     37       20       20       -9999    -9999    -9999    -9999    
GHCND:USC00193229 20171223 0.20     24       19       24       -9999    -9999    -9999    -9999    
GHCND:USC00193229 20171224 0.63     36       24       31       -9999    -9999    -9999    -9999    
GHCND:USC00193229 20171225 0.13     36       24       24       -9999    -9999    -9999    -9999    
GHCND:USC00193229 20171226 0.17     35       9        12       -9999    -9999    -9999    -9999    
GHCND:USC00193229 20171227 0.00     26       -3       -3       -9999    -9999    -9999    -9999    
GHCND:USC00193229 20171228 0.00     26       -3       0        -9999    -9999    -9999    -9999    
GHCND:USC00193229 20171229 0.00     12       -5       -4       -9999    -9999    -9999    -9999    
GHCND:USC00193229 20171230 0.00     12       -5       -2       -9999    -9999    -9999    -9999    
GHCND:USC00193229 20171231 0.01     12       -6       -5       -9999    -9999    -9999    -9999    
GHCND:USC00193229 20180101 0.00     9        -7       -7       -9999    -9999    -9999    -9999    
GHCND:USC00193229 20180102 0.00     13       -12      -11      -9999    -9999    -9999    -9999    
GHCND:USC00193229 20180103 0.00     18       -11      0        -9999    -9999    -9999    -9999    
GHCND:USC00193229 20180104 0.13     24       0        16       -9999    -9999    -9999    -9999    
GHCND:USC00193229 20180105 0.60     24       5        5        -9999    -9999    -9999    -9999    
GHCND:USC00193229 20180106 0.00     10       2        2        -9999    -9999    -9999    -9999    
GHCND:USC00193229 20180107 0.00     9        -17      -17      -9999    -9999    -9999    -9999    
GHCND:USC00193229 20180108 0.00     19       -17      18       -9999    -9999    -9999    -9999    
GHCND:USC00193229 20180109 0.01     30       18       25       -9999    -9999    -9999    -9999    
GHCND:USC00193229 20180110 0.00     40       5        6        -9999    -9999    -9999    -9999    
GHCND:USC00193229 20180111 0.00     38       5        30       -9999    -9999    -9999    -9999    
GHCND:USC00193229 20180112 0.02     43       30       41       -9999    -9999    -9999    -9999    
GHCND:USC00193229 20180113 1.59     55       39       40       -9999    -9999    -9999    -9999    
GHCND:USC00193229 20180114 0.23     40       9        10       -9999    -9999    -9999    -9999    
GHCND:USC00193229 20180115 0.00     23       8        8        -9999    -9999    -9999    -9999    
GHCND:USC00193229 20180116 0.00     21       6        18       -9999    -9999    -9999    -9999    
GHCND:USC00193229 20180117 0.35     30       18       27       -9999    -9999    -9999    -9999    
GHCND:USC00193229 20180118 0.15     32       5        7        -9999    -9999    -9999    -9999    
GHCND:USC00193229 20180119 0.00     30       5        19       -9999    -9999    -9999    -9999    
GHCND:USC00193229 20180120 0.00     36       18       22       -9999    -9999    -9999    -9999    
GHCND:USC00193229 20180121 0.00     50       22       25       -9999    -9999    -9999    -9999    
GHCND:USC00193229 20180122 0.01     50       25       32       -9999    -9999    -9999    -9999    
GHCND:USC00193229 20180123 0.21     36       32       32       -9999    -9999    -9999    -9999    
GHCND:USC00193229 20180124 0.95     39       30       33       -9999    -9999    -9999    -9999    
GHCND:USC00193229 20180125 0.00     34       17       19       -9999    -9999    -9999    -9999    
GHCND:USC00193229 20180126 0.00     29       8        8        -9999    -9999    -9999    -9999    
GHCND:USC00193229 20180127 0.00     36       8        19       -9999    -9999    -9999    -9999    
GHCND:USC00193229 20180128 0.03     50       16       35       -9999    -9999    -9999    -9999    
GHCND:USC00193229 20180129 0.00     46       25       26       -9999    -9999    -9999    -9999    
GHCND:USC00193229 20180130 0.00     44       26       27       -9999    -9999    -9999    -9999    
GHCND:USC00193229 20180131 0.00     36       15       16       -9999    -9999    -9999    -9999    
GHCND:USC00193229 20180201 0.03     31       16       27       -9999    -9999    -9999    -9999    
GHCND:USC00193229 20180202 0.01     38       24       24       -9999    -9999    -9999    -9999    
GHCND:USC00193229 20180203 0.00     26       4        6        -9999    -9999    -9999    -9999    
GHCND:USC00193229 20180204 0.00     30       6        28       -9999    -9999    -9999    -9999    
GHCND:USC00193229 20180205 0.78     39       28       35       -9999    -9999    -9999    -9999    
GHCND:USC00193229 20180206 0.00     35       15       18       -9999    -9999    -9999    -9999    
GHCND:USC00193229 20180207 0.00     32       13       16       -9999    -9999    -9999    -9999    
GHCND:USC00193229 20180208 0.72     28       14       14       -9999    -9999    -9999    -9999    
GHCND:USC00193229 20180209 0.00     31       2        3        -9999    -9999    -9999    -9999    
GHCND:USC00193229 20180210 0.02     29       3        29       -9999    -9999    -9999    -9999    
GHCND:USC00193229 20180211 0.25     42       28       33       -9999    -9999    -9999    -9999    
GHCND:USC00193229 20180212 0.80     38       33       36       -9999    -9999    -9999    -9999    
GHCND:USC00193229 20180213 0.00     41       19       21       -9999    -9999    -9999    -9999    
GHCND:USC00193229 20180214 0.00     36       20       28       -9999    -9999    -9999    -9999    
GHCND:USC00193229 20180215 0.00     48       26       28       -9999    -9999    -9999    -9999    
GHCND:USC00193229 20180216 0.01     44       28       35       -9999    -9999    -9999    -9999    
GHCND:USC00193229 20180217 0.00     48       22       22       -9999    -9999    -9999    -9999    
GHCND:USC00193229 20180218 0.28     37       21       26       -9999    -9999    -9999    -9999    
GHCND:USC00193229 20180219 0.00     44       17       17       -9999    -9999    -9999    -9999    
GHCND:USC00193229 20180220 0.11     48       16       35       1        -9999    -9999    -9999    
GHCND:USC00193229 20180221 0.01     61       33       39       1        -9999    -9999    -9999    
GHCND:USC00193229 20180222 0.00     76       38       38       -9999    -9999    -9999    -9999    
GHCND:USC00193229 20180223 0.11     40       22       24       -9999    -9999    -9999    -9999    
GHCND:USC00193229 20180224 0.31     36       24       24       -9999    -9999    -9999    -9999    
GHCND:USC00193229 20180225 0.06     49       24       33       -9999    -9999    -9999    -9999    
GHCND:USC00193229 20180226 0.62     36       32       32       -9999    -9999    -9999    -9999    
GHCND:USC00193229 20180227 0.00     52       25       28       -9999    -9999    -9999    -9999    
GHCND:USC00193229 20180228 0.00     54       25       28       -9999    -9999    -9999    -9999    
GHCND:USC00193229 20180301 0.00     57       28       34       -9999    -9999    -9999    -9999    
GHCND:USC00193229 20180302 0.68     59       32       35       -9999    -9999    -9999    -9999    
GHCND:USC00193229 20180303 0.48     39       34       36       -9999    -9999    -9999    -9999    
GHCND:USC00193229 20180304 0.00     46       35       37       -9999    -9999    -9999    -9999    
GHCND:USC00193229 20180305 0.00     46       33       35       -9999    -9999    -9999    -9999    
GHCND:USC00193229 20180306 0.00     43       24       30       -9999    -9999    -9999    -9999    
GHCND:USC00193229 20180307 0.00     47       30       31       -9999    -9999    -9999    -9999    
GHCND:USC00193229 20180308 0.55     34       30       32       -9999    -9999    -9999    -9999    
GHCND:USC00193229 20180309 0.00     40       27       28       -9999    -9999    -9999    -9999    
GHCND:USC00193229 20180310 0.00     38       28       32       -9999    -9999    -9999    -9999    
GHCND:USC00193229 20180311 0.00     42       29       30       -9999    -9999    -9999    -9999    
GHCND:USC00193229 20180312 0.00     43       28       31       -9999    -9999    -9999    -9999    
GHCND:USC00193229 20180313 0.08     43       31       31       -9999    -9999    -9999    -9999    
GHCND:USC00193229 20180314 0.13     34       27       30       -9999    -9999    -9999    -9999    
GHCND:USC00193229 20180315 0.00     38       30       31       -9999    -9999    -9999    -9999    
GHCND:USC00193229 20180316 0.00     42       27       29       -9999    -9999    -9999    -9999    
GHCND:USC00193229 20180317 0.00     38       24       24       -9999    -9999    -9999    -9999    
GHCND:USC00193229 20180318 0.00     43       13       14       -9999    -9999    -9999    -9999    
GHCND:USC00193229 20180319 0.00     35       12       15       -9999    -9999    -9999    -9999    
GHCND:USC00193229 20180320 0.00     39       15       17       -9999    -9999    -9999    -9999    
GHCND:USC00193229 20180321 0.00     42       17       29       -9999    -9999    -9999    -9999    
GHCND:USC00193229 20180322 0.00     40       29       37       -9999    -9999    -9999    -9999    
GHCND:USC00193229 20180323 0.00     54       26       27       -9999    -9999    -9999    -9999    
GHCND:USC00193229 20180324 0.00     48       24       24       -9999    -9999    -9999    -9999    
GHCND:USC00193229 20180325 0.01     48       23       31       -9999    -9999    -9999    -9999    
GHCND:USC00193229 20180326 0.00     45       20       21       -9999    -9999    -9999    -9999    
GHCND:USC00193229 20180327 0.00     50       20       22       -9999    -9999    -9999    -9999    
GHCND:USC00193229 20180328 0.01     50       22       35       -9999    -9999    -9999    -9999    
GHCND:USC00193229 20180329 0.00     58       32       33       -9999    -9999    -9999    -9999    
GHCND:USC00193229 20180330 0.17     51       33       47       -9999    -9999    -9999    -9999    
GHCND:USC00193229 20180331 0.02     54       34       37       -9999    -9999    -9999    -9999    
GHCND:USC00193229 20180401 0.00     57       31       43       -9999    -9999    -9999    -9999    
GHCND:USC00193229 20180402 0.01     51       28       29       -9999    -9999    -9999    -9999    
GHCND:USC00193229 20180403 0.05     45       25       29       -9999    -9999    -9999    -9999    
GHCND:USC00193229 20180404 0.50     42       29       36       -9999    -9999    -9999    -9999    
GHCND:USC00193229 20180405 0.07     49       27       28       -9999    -9999    -9999    -9999    
GHCND:USC00193229 20180406 0.00     41       21       25       -9999    -9999    -9999    -9999    
GHCND:USC00193229 20180407 0.32     37       25       33       -9999    -9999    -9999    -9999    
GHCND:USC00193229 20180408 0.00     43       25       25       -9999    -9999    -9999    -9999    
GHCND:USC00193229 20180409 0.00     43       23       29       -9999    -9999    -9999    -9999    
GHCND:USC00193229 20180410 0.00     45       29       31       -9999    -9999    -9999    -9999    
GHCND:USC00193229 20180411 0.00     43       23       25       -9999    -9999    -9999    -9999    
GHCND:USC00193229 20180412 0.00     53       25       32       -9999    -9999    -9999    -9999    
GHCND:USC00193229 20180413 0.07     57       32       42       -9999    -9999    -9999    -9999    
GHCND:USC00193229 20180414 0.00     69       42       43       -9999    -9999    -9999    -9999    
GHCND:USC00193229 20180415 0.00     58       33       33       -9999    -9999    -9999    -9999    
GHCND:USC00193229 20180416 0.48     35       28       30       -9999    -9999    -9999    -9999    
GHCND:USC00193229 20180417 1.50     58       28       36       -9999    -9999    -9999    -9999    
GHCND:USC00193229 20180418 0.00     47       34       37       -9999    -9999    -9999    -9999    
GHCND:USC00193229 20180419 0.00     51       35       35       -9999    -9999    -9999    -9999    
GHCND:USC00193229 20180420 0.05     45       33       37       -9999    -9999    -9999    -9999    
GHCND:USC00193229 20180421 0.00     53       30       30       -9999    -9999    -9999    -9999    
GHCND:USC00193229 20180422 0.00     60       28       28       -9999    -9999    -9999    -9999    
GHCND:USC00193229 20180423 0.00     63       27       36       -9999    -9999    -9999    -9999    
GHCND:USC00193229 20180424 0.00     69       33       41       -9999    -9999    -9999    -9999    
GHCND:USC00193229 20180425 0.20     69       41       46       -9999    -9999    -9999    -9999    
GHCND:USC00193229 20180426 0.72     59       46       52       -9999    -9999    -9999    -9999    
GHCND:USC00193229 20180427 0.00     62       39       49       -9999    -9999    -9999    -9999    
GHCND:USC00193229 20180428 0.17     56       42       49       -9999    -9999    -9999    -9999    
GHCND:USC00193229 20180429 0.20     71       48       48       -9999    -9999    -9999    -9999    
GHCND:USC00193229 20180430 0.15     50       39       41       -9999    -9999    -9999    -9999    
GHCND:USC00193229 20180501 0.00     52       36       43       -9999    -9999    -9999    -9999    
GHCND:USC00193229 20180502 0.00     73       42       50       -9999    -9999    -9999    -9999    
GHCND:USC00193229 20180503 0.00     89       50       61       -9999    -9999    -9999    -9999    
GHCND:USC00193229 20180504 0.00     89       59       63       -9999    -9999    -9999    -9999    
GHCND:USC00193229 20180505 0.07     83       52       52       -9999    -9999    -9999    -9999    
GHCND:USC00193229 20180506 0.00     74       51       54       -9999    -9999    -9999    -9999    
GHCND:USC00193229 20180507 0.20     61       48       50       -9999    -9999    -9999    -9999    
GHCND:USC00193229 20180508 0.00     71       41       48       -9999    -9999    -9999    -9999    
GHCND:USC00193229 20180509 0.00     77       44       52       -9999    -9999    -9999    -9999    
GHCND:USC00193229 20180510 0.00     82       47       51       -9999    -9999    -9999    -9999    
GHCND:USC00193229 20180511 0.00     74       51       51       -9999    -9999    -9999    -9999    
GHCND:USC00193229 20180512 0.00     69       46       48       -9999    -9999    -9999    -9999    
GHCND:USC00193229 20180513 0.05     69       42       43       -9999    -9999    -9999    -9999    
GHCND:USC00193229 20180514 0.00     67       43       52       -9999    -9999    -9999    -9999    
GHCND:USC00193229 20180515 0.00     79       52       58       -9999    -9999    -9999    -9999    
GHCND:USC00193229 20180516 0.70     77       50       51       1        -9999    -9999    -9999    
GHCND:USC00193229 20180517 0.00     66       51       58       -9999    -9999    -9999    -9999    
GHCND:USC00193229 20180518 0.00     77       54       54       -9999    -9999    -9999    -9999    
GHCND:USC00193229 20180519 0.00     72       42       43       -9999    -9999    -9999    -9999    
GHCND:USC00193229 20180520 0.38     57       43       55       -9999    -9999    -9999    -9999    
GHCND:USC00193229 20180521 0.00     77       48       55       -9999    -9999    -9999    -9999    
GHCND:USC00193229 20180522 0.00     79       49       53       -9999    -9999    -9999    -9999    
GHCND:USC00193229 20180523 0.02     62       52       56       -9999    -9999    -9999    -9999    
GHCND:USC00193229 20180524 0.00     83       47       57       -9999    -9999    -9999    -9999    
GHCND:USC00193229 20180525 0.00     80       50       56       -9999    -9999    -9999    -9999    
GHCND:USC00193229 20180526 0.00     87       56       65       -9999    -9999    -9999    -9999    
GHCND:USC00193229 20180527 0.00     89       59       59       -9999    -9999    -9999    -9999    
GHCND:USC00193229 20180528 0.10     59       49       49       -9999    -9999    -9999    -9999    
GHCND:USC00193229 20180529 0.00     69       49       60       -9999    -9999    -9999    -9999    
GHCND:USC00193229 20180530 0.00     88       52       61       -9999    -9999    -9999    -9999    
GHCND:USC00193229 20180531 0.00     83       50       58       -9999    -9999    -9999    -9999    
GHCND:USC00193229 20180601 0.00     81       58       66       -9999    -9999    -9999    -9999    
GHCND:USC00193229 20180602 0.00     80       66       66       -9999    -9999    -9999    -9999    
GHCND:USC00193229 20180603 0.00     84       60       60       -9999    -9999    -9999    -9999    
GHCND:USC00193229 20180604 0.40     73       46       47       -9999    -9999    -9999    -9999    
GHCND:USC00193229 20180605 0.21     74       46       50       -9999    -9999    -9999    -9999    
GHCND:USC00193229 20180606 0.00     63       45       54       -9999    -9999    -9999    -9999    
GHCND:USC00193229 20180607 0.00     71       45       56       -9999    -9999    -9999    -9999    
GHCND:USC00193229 20180608 0.00     71       52       57       -9999    -9999    -9999    -9999    
GHCND:USC00193229 20180609 0.00     81       52       52       -9999    -9999    -9999    -9999    
GHCND:USC00193229 20180610 0.00     80       50       51       -9999    -9999    -9999    -9999    
GHCND:USC00193229 20180611 0.00     77       51       58       -9999    -9999    -9999    -9999    
GHCND:USC00193229 20180612 0.00     75       47       55       -9999    -9999    -9999    -9999    
GHCND:USC00193229 20180613 0.00     81       49       60       -9999    -9999    -9999    -9999    
GHCND:USC00193229 20180614 0.00     72       60       68       -9999    -9999    -9999    -9999    
GHCND:USC00193229 20180615 0.02     75       57       59       -9999    -9999    -9999    -9999    
GHCND:USC00193229 20180616 0.00     72       47       47       -9999    -9999    -9999    -9999    
GHCND:USC00193229 20180617 0.00     83       47       53       -9999    -9999    -9999    -9999    
GHCND:USC00193229 20180618 0.00     89       53       63       -9999    -9999    -9999    -9999    
GHCND:USC00193229 20180619 0.91     94       63       67       -9999    -9999    -9999    -9999    
GHCND:USC00193229 20180620 0.00     81       51       53       -9999    -9999    -9999    -9999    
GHCND:USC00193229 20180621 0.00     77       53       55       -9999    -9999    -9999    -9999    
GHCND:USC00193229 20180622 0.00     81       48       52       -9999    -9999    -9999    -9999    
GHCND:USC00193229 20180623 0.00     81       48       59       -9999    -9999    -9999    -9999    
GHCND:USC00193229 20180624 0.05     62       56       57       -9999    -9999    -9999    -9999    
GHCND:USC00193229 20180625 0.60     78       57       62       -9999    -9999    -9999    -9999    
GHCND:USC00193229 20180626 0.00     75       45       48       -9999    -9999    -9999    -9999    
GHCND:USC00193229 20180627 0.00     78       48       54       -9999    -9999    -9999    -9999    
GHCND:USC00193229 20180628 0.90     75       54       64       -9999    -9999    -9999    -9999    
GHCND:USC00193229 20180629 0.70     77       63       63       -9999    -9999    -9999    -9999    
GHCND:USC00193229 20180630 0.00     87       62       62       -9999    -9999    -9999    -9999    
GHCND:USC00193229 20180701 0.00     90       62       67       -9999    -9999    -9999    -9999    
GHCND:USC00193229 20180702 0.00     96       67       72       -9999    -9999    -9999    -9999    
GHCND:USC00193229 20180703 0.00     96       71       72       -9999    -9999    -9999    -9999    
GHCND:USC00193229 20180704 0.00     93       68       68       -9999    -9999    -9999    -9999    
GHCND:USC00193229 20180705 0.00     93       68       72       -9999    -9999    -9999    -9999    
GHCND:USC00193229 20180706 0.00     90       72       76       -9999    -9999    -9999    -9999    
GHCND:USC00193229 20180707 0.40     85       49       49       -9999    -9999    -9999    -9999    
GHCND:USC00193229 20180708 0.00     80       49       52       -9999    -9999    -9999    -9999    
GHCND:USC00193229 20180709 0.00     84       52       58       -9999    -9999    -9999    -9999    
GHCND:USC00193229 20180710 0.00     90       58       61       -9999    -9999    -9999    -9999    
GHCND:USC00193229 20180711 0.00     91       61       65       -9999    -9999    -9999    -9999    
GHCND:USC00193229 20180712 0.00     82       52       55       -9999    -9999    -9999    -9999    
GHCND:USC00193229 20180713 0.00     83       52       58       -9999    -9999    -9999    -9999    
GHCND:USC00193229 20180714 0.00     86       58       64       -9999    -9999    -9999    -9999    
GHCND:USC00193229 20180715 0.00     81       64       68       -9999    -9999    -9999    -9999    
GHCND:USC00193229 20180716 0.00     90       65       67       -9999    -9999    -9999    -9999    
GHCND:USC00193229 20180717 0.00     93       65       72       -9999    -9999    -9999    -9999    
GHCND:USC00193229 20180718 1.37     86       62       65       -9999    -9999    -9999    -9999    
GHCND:USC00193229 20180719 0.00     80       50       51       -9999    -9999    -9999    -9999    
GHCND:USC00193229 20180720 0.00     81       51       55       -9999    -9999    -9999    -9999    
GHCND:USC00193229 20180721 0.00     85       55       57       1        -9999    -9999    -9999    
GHCND:USC00193229 20180722 0.00     81       57       62       -9999    -9999    -9999    -9999    
GHCND:USC00193229 20180723 1.70     84       62       71       -9999    -9999    -9999    -9999    
GHCND:USC00193229 20180724 0.70     81       70       71       -9999    -9999    -9999    -9999    
GHCND:USC00193229 20180725 0.05     86       71       74       -9999    -9999    -9999    -9999    
GHCND:USC00193229 20180726 1.20     81       69       70       -9999    -9999    -9999    -9999    
GHCND:USC00193229 20180727 0.65     82       66       67       1        -9999    -9999    -9999    
GHCND:USC00193229 20180728 0.51     88       66       66       -9999    -9999    -9999    -9999    
GHCND:USC00193229 20180729 0.00     85       63       63       1        -9999    -9999    -9999    
GHCND:USC00193229 20180730 0.00     81       57       58       -9999    -9999    -9999    -9999    
GHCND:USC00193229 20180731 0.00     82       58       62       -9999    -9999    -9999    -9999    
GHCND:USC00193229 20180801 0.00     85       62       63       -9999    -9999    -9999    -9999    
GHCND:USC00193229 20180802 0.67     79       63       74       -9999    -9999    -9999    -9999    
GHCND:USC00193229 20180803 0.02     89       69       69       -9999    -9999    -9999    -9999    
GHCND:USC00193229 20180804 1.85     89       69       71       -9999    -9999    -9999    -9999    
GHCND:USC00193229 20180805 0.30     89       64       64       -9999    -9999    -9999    -9999    
GHCND:USC00193229 20180806 0.00     89       63       66       1        -9999    -9999    -9999    
GHCND:USC00193229 20180807 0.00     92       66       69       -9999    1        -9999    -9999    
GHCND:USC00193229 20180808 0.05     92       66       69       1        -9999    -9999    -9999    
GHCND:USC00193229 20180809 1.80     87       69       70       1        -9999    -9999    -9999    
GHCND:USC00193229 20180810 0.00     86       61       68       -9999    -9999    -9999    -9999    
GHCND:USC00193229 20180811 0.03     83       62       63       -9999    -9999    -9999    -9999    
GHCND:USC00193229 20180812 3.56     69       62       65       -9999    -9999    -9999    -9999    
GHCND:USC00193229 20180813 0.00     73       65       67       -9999    -9999    -9999    -9999    
GHCND:USC00193229 20180814 0.65     73       67       68       -9999    -9999    -9999    -9999    
GHCND:USC00193229 20180815 0.04     80       66       66       -9999    -9999    -9999    -9999    
GHCND:USC00193229 20180816 0.00     87       66       67       -9999    -9999    -9999    -9999    
GHCND:USC00193229 20180817 0.00     88       66       67       -9999    -9999    -9999    -9999    
GHCND:USC00193229 20180818 0.95     83       67       71       -9999    -9999    -9999    -9999    
GHCND:USC00193229 20180819 0.00     83       65       65       -9999    -9999    -9999    -9999    
GHCND:USC00193229 20180820 0.00     78       60       62       -9999    -9999    -9999    -9999    
GHCND:USC00193229 20180821 0.00     80       56       57       -9999    -9999    -9999    -9999    
GHCND:USC00193229 20180822 0.10     77       57       65       -9999    -9999    -9999    -9999    
GHCND:USC00193229 20180823 0.60     80       57       60       -9999    -9999    -9999    -9999    
GHCND:USC00193229 20180824 0.00     76       53       55       -9999    -9999    -9999    -9999    
GHCND:USC00193229 20180825 0.00     83       54       58       1        -9999    -9999    -9999    
GHCND:USC00193229 20180826 0.00     80       56       57       -9999    -9999    -9999    -9999    
GHCND:USC00193229 20180827 0.00     82       57       64       1        -9999    -9999    -9999    
GHCND:USC00193229 20180828 0.00     86       64       67       -9999    -9999    -9999    -9999    
GHCND:USC00193229 20180829 0.00     93       67       70       -9999    1        -9999    -9999    
GHCND:USC00193229 20180830 0.00     94       67       70       -9999    -9999    -9999    -9999    
GHCND:USC00193229 20180831 0.00     84       58       61       -9999    -9999    -9999    -9999    
GHCND:USC00193229 20180901 0.00     75       59       59       -9999    -9999    -9999    -9999    
GHCND:USC00193229 20180902 0.00     75       58       58       1        -9999    -9999    -9999    
GHCND:USC00193229 20180903 0.00     83       58       69       1        -9999    -9999    -9999    
GHCND:USC00193229 20180904 0.00     92       62       69       -9999    -9999    -9999    -9999    
GHCND:USC00193229 20180905 0.00     89       63       63       -9999    -9999    -9999    -9999    
GHCND:USC00193229 20180906 0.00     89       63       73       -9999    -9999    -9999    -9999    
GHCND:USC00193229 20180907 0.03     92       64       64       -9999    -9999    -9999    -9999    
GHCND:USC00193229 20180908 0.00     70       57       57       -9999    -9999    -9999    -9999    
GHCND:USC00193229 20180909 0.00     67       47       47       -9999    -9999    -9999    -9999    
GHCND:USC00193229 20180910 0.00     62       47       49       -9999    -9999    -9999    -9999    
GHCND:USC00193229 20180911 1.48     60       49       58       -9999    -9999    -9999    -9999    
GHCND:USC00193229 20180912 0.04     76       58       66       -9999    -9999    -9999    -9999    
GHCND:USC00193229 20180913 0.41     69       63       63       -9999    -9999    -9999    -9999    
GHCND:USC00193229 20180914 0.02     73       63       63       -9999    -9999    -9999    -9999    
GHCND:USC00193229 20180915 0.00     79       63       63       1        -9999    -9999    -9999    
GHCND:USC00193229 20180916 0.00     83       61       62       1        -9999    -9999    -9999    
GHCND:USC00193229 20180917 0.02     86       62       67       -9999    -9999    -9999    -9999    
GHCND:USC00193229 20180918 1.60     82       67       67       -9999    -9999    -9999    -9999    
GHCND:USC00193229 20180919 1.06     78       61       64       -9999    -9999    -9999    -9999    
GHCND:USC00193229 20180920 0.10     77       58       59       -9999    -9999    -9999    -9999    
GHCND:USC00193229 20180921 0.01     71       58       58       -9999    -9999    -9999    -9999    
GHCND:USC00193229 20180922 0.04     68       58       65       -9999    -9999    -9999    -9999    
GHCND:USC00193229 20180923 0.00     69       45       45       -9999    -9999    -9999    -9999    
GHCND:USC00193229 20180924 0.00     62       44       51       -9999    -9999    -9999    -9999    
GHCND:USC00193229 20180925 0.10     57       45       48       -9999    -9999    -9999    -9999    
GHCND:USC00193229 20180926 1.25     58       48       58       -9999    -9999    -9999    -9999    
GHCND:USC00193229 20180927 0.66     79       54       55       -9999    -9999    -9999    -9999    
GHCND:USC00193229 20180928 0.25     71       52       52       -9999    -9999    -9999    -9999    
GHCND:USC00193229 20180929 0.05     62       50       50       1        -9999    -9999    -9999    
GHCND:USC00193229 20180930 0.00     68       44       44       -9999    -9999    -9999    -9999    