1.831600000000000000e+04
1.831700000000000000e+04
1.831800000000000000e+04
1.844100000000000000e+04
1.844200000000000000e+04
1.855900000000000000e+04
1.856000000000000000e+04
1.867500000000000000e+04
1.867600000000000000e+04
1.867700000000000000e+04
1.964600000000000000e+04
1.964700000000000000e+04
1.976600000000000000e+04
1.976700000000000000e+04
1.976800000000000000e+04
1.988600000000000000e+04
1.988700000000000000e+04
1.988800000000000000e+04
1.988900000000000000e+04
1.989000000000000000e+04
2.000600000000000000e+04
2.000700000000000000e+04
2.000800000000000000e+04
2.000900000000000000e+04
2.001000000000000000e+04
2.001100000000000000e+04
2.012800000000000000e+04
2.012900000000000000e+04
2.013000000000000000e+04
2.013100000000000000e+04
2.013200000000000000e+04
2.013300000000000000e+04
2.013400000000000000e+04
2.025000000000000000e+04
2.025100000000000000e+04
2.025200000000000000e+04
2.025300000000000000e+04
2.025400000000000000e+04
2.025500000000000000e+04
2.025600000000000000e+04
2.025700000000000000e+04
2.037600000000000000e+04
2.037700000000000000e+04
2.037800000000000000e+04
2.037900000000000000e+04
2.038000000000000000e+04
2.038100000000000000e+04
2.038200000000000000e+04
2.038300000000000000e+04
2.038400000000000000e+04
2.050600000000000000e+04
2.050700000000000000e+04
2.050800000000000000e+04
2.050900000000000000e+04
2.051000000000000000e+04
2.051100000000000000e+04
2.051200000000000000e+04
2.051300000000000000e+04
2.063500000000000000e+04
2.063600000000000000e+04
2.063700000000000000e+04
2.063800000000000000e+04
2.063900000000000000e+04
2.064000000000000000e+04
2.064100000000000000e+04
2.064200000000000000e+04
2.064300000000000000e+04
2.076700000000000000e+04
2.076800000000000000e+04
2.076900000000000000e+04
2.077000000000000000e+04
2.077100000000000000e+04
2.077200000000000000e+04
2.077300000000000000e+04
2.077400000000000000e+04
2.077500000000000000e+04
2.090000000000000000e+04
2.090100000000000000e+04
2.090200000000000000e+04
2.090300000000000000e+04
2.090400000000000000e+04
2.090500000000000000e+04
2.090600000000000000e+04
2.090700000000000000e+04
2.103300000000000000e+04
2.103400000000000000e+04
2.103500000000000000e+04
2.103600000000000000e+04
2.103700000000000000e+04
2.103800000000000000e+04
2.116000000000000000e+04
2.388500000000000000e+04
2.400000000000000000e+04
2.400100000000000000e+04
2.400200000000000000e+04
2.411500000000000000e+04
2.411600000000000000e+04
2.411700000000000000e+04
2.411800000000000000e+04
2.423900000000000000e+04
2.424000000000000000e+04
2.424100000000000000e+04
2.424200000000000000e+04
2.424300000000000000e+04
2.436400000000000000e+04
2.436500000000000000e+04
2.436600000000000000e+04
2.436700000000000000e+04
2.436800000000000000e+04
2.436900000000000000e+04
2.437000000000000000e+04
2.448600000000000000e+04
2.448700000000000000e+04
2.448800000000000000e+04
2.448900000000000000e+04
2.449000000000000000e+04
2.449100000000000000e+04
2.449200000000000000e+04
2.449300000000000000e+04
2.449400000000000000e+04
2.460600000000000000e+04
2.460700000000000000e+04
2.460800000000000000e+04
2.460900000000000000e+04
2.461000000000000000e+04
2.461100000000000000e+04
2.461200000000000000e+04
2.461300000000000000e+04
2.461500000000000000e+04
2.472700000000000000e+04
2.472800000000000000e+04
2.472900000000000000e+04
2.473000000000000000e+04
2.473100000000000000e+04
2.473200000000000000e+04
2.473300000000000000e+04
2.473400000000000000e+04
2.473600000000000000e+04
2.484700000000000000e+04
2.484800000000000000e+04
2.484900000000000000e+04
2.485000000000000000e+04
2.485100000000000000e+04
2.485200000000000000e+04
2.485300000000000000e+04
2.485500000000000000e+04
2.497300000000000000e+04
2.497400000000000000e+04
2.497500000000000000e+04
2.497600000000000000e+04
2.497700000000000000e+04
2.497800000000000000e+04
2.497900000000000000e+04
2.510300000000000000e+04
2.510400000000000000e+04
2.510500000000000000e+04
2.510600000000000000e+04
2.510700000000000000e+04
2.510800000000000000e+04
2.523900000000000000e+04
2.524000000000000000e+04
2.524100000000000000e+04
2.524200000000000000e+04
2.524300000000000000e+04
2.537700000000000000e+04
2.537800000000000000e+04
2.537900000000000000e+04
2.538000000000000000e+04
2.551900000000000000e+04
2.552100000000000000e+04
2.552200000000000000e+04
2.552300000000000000e+04
2.566000000000000000e+04
2.566100000000000000e+04
2.709300000000000000e+04
2.709400000000000000e+04
2.721900000000000000e+04
2.722000000000000000e+04
2.722100000000000000e+04
2.722200000000000000e+04
2.735000000000000000e+04
2.735100000000000000e+04
2.748300000000000000e+04
2.748400000000000000e+04
2.761600000000000000e+04
2.761700000000000000e+04
2.774300000000000000e+04
2.774400000000000000e+04
2.775000000000000000e+04
2.786900000000000000e+04
2.787000000000000000e+04
2.787100000000000000e+04
2.787600000000000000e+04
2.800400000000000000e+04
2.800500000000000000e+04
2.800600000000000000e+04
2.801100000000000000e+04
2.801200000000000000e+04
2.801300000000000000e+04
2.801400000000000000e+04
2.814000000000000000e+04
2.814100000000000000e+04
2.814200000000000000e+04
2.814700000000000000e+04
2.814800000000000000e+04
2.814900000000000000e+04
2.815000000000000000e+04
2.826600000000000000e+04
2.826700000000000000e+04
2.827200000000000000e+04
2.827300000000000000e+04
2.827400000000000000e+04
2.827500000000000000e+04
2.839500000000000000e+04
2.839600000000000000e+04
2.840200000000000000e+04
2.840300000000000000e+04
2.840400000000000000e+04
2.852600000000000000e+04
2.852700000000000000e+04
2.852800000000000000e+04
2.853500000000000000e+04
2.865400000000000000e+04
2.865500000000000000e+04
2.865600000000000000e+04
2.877900000000000000e+04
2.878000000000000000e+04
2.903400000000000000e+04
2.903500000000000000e+04
2.903600000000000000e+04
2.904500000000000000e+04
2.915800000000000000e+04
2.915900000000000000e+04
2.916000000000000000e+04
2.916100000000000000e+04
2.916200000000000000e+04
2.916300000000000000e+04
2.916900000000000000e+04
2.917000000000000000e+04
2.928100000000000000e+04
2.928200000000000000e+04
2.928300000000000000e+04
2.928400000000000000e+04
2.928500000000000000e+04
2.928600000000000000e+04
2.929200000000000000e+04
2.929300000000000000e+04
2.940000000000000000e+04
2.940100000000000000e+04
2.940200000000000000e+04
2.940300000000000000e+04
2.940400000000000000e+04
2.941000000000000000e+04
2.941100000000000000e+04
2.951700000000000000e+04
2.951800000000000000e+04
2.951900000000000000e+04
2.952000000000000000e+04
2.962100000000000000e+04
2.962200000000000000e+04
2.962300000000000000e+04
2.972400000000000000e+04
2.972500000000000000e+04
2.972600000000000000e+04
2.972700000000000000e+04
2.972800000000000000e+04
2.972900000000000000e+04
2.973000000000000000e+04
2.973100000000000000e+04
2.982700000000000000e+04
2.982800000000000000e+04
2.982900000000000000e+04
2.983000000000000000e+04
2.983100000000000000e+04
2.983200000000000000e+04
2.983300000000000000e+04
2.983400000000000000e+04
2.992700000000000000e+04
2.992800000000000000e+04
2.992900000000000000e+04
2.993000000000000000e+04
2.993100000000000000e+04
2.993200000000000000e+04
2.993300000000000000e+04
2.993400000000000000e+04
2.993500000000000000e+04
3.002400000000000000e+04
3.002500000000000000e+04
3.002600000000000000e+04
3.002700000000000000e+04
3.002800000000000000e+04
3.002900000000000000e+04
3.003000000000000000e+04
3.003100000000000000e+04
3.003200000000000000e+04
3.012000000000000000e+04
3.012100000000000000e+04
3.012200000000000000e+04
3.012300000000000000e+04
3.012400000000000000e+04
3.012500000000000000e+04
3.012600000000000000e+04
3.012700000000000000e+04
3.012800000000000000e+04
3.021700000000000000e+04
3.021800000000000000e+04
3.021900000000000000e+04
3.022000000000000000e+04
3.022100000000000000e+04
3.022200000000000000e+04
3.022300000000000000e+04
3.032600000000000000e+04
3.032700000000000000e+04
3.032800000000000000e+04
3.032900000000000000e+04
3.033000000000000000e+04
3.033100000000000000e+04
3.043100000000000000e+04
3.043200000000000000e+04
3.043300000000000000e+04
3.043400000000000000e+04
3.043500000000000000e+04
3.043600000000000000e+04
3.053900000000000000e+04
3.054000000000000000e+04
3.054100000000000000e+04
3.054200000000000000e+04
3.054300000000000000e+04
3.066100000000000000e+04
3.066200000000000000e+04
3.066300000000000000e+04
3.066400000000000000e+04
3.066500000000000000e+04
3.068800000000000000e+04
3.078800000000000000e+04
3.078900000000000000e+04
3.079000000000000000e+04
3.081300000000000000e+04
3.081400000000000000e+04
3.081500000000000000e+04
3.081600000000000000e+04
3.093700000000000000e+04
3.093800000000000000e+04
3.093900000000000000e+04
3.094000000000000000e+04
3.094100000000000000e+04
3.094200000000000000e+04
3.106100000000000000e+04
3.106200000000000000e+04
3.106300000000000000e+04
3.106400000000000000e+04
3.106500000000000000e+04
3.106600000000000000e+04
3.106700000000000000e+04
3.106800000000000000e+04
3.106900000000000000e+04
3.107000000000000000e+04
3.118800000000000000e+04
3.118900000000000000e+04
3.119600000000000000e+04
3.119700000000000000e+04
3.119800000000000000e+04
3.119900000000000000e+04
3.120000000000000000e+04
3.120100000000000000e+04
3.120200000000000000e+04
3.120300000000000000e+04
3.120400000000000000e+04
3.120500000000000000e+04
3.120600000000000000e+04
3.120700000000000000e+04
3.120800000000000000e+04
3.121200000000000000e+04
3.121300000000000000e+04
3.121400000000000000e+04
3.121500000000000000e+04
3.121600000000000000e+04
3.132600000000000000e+04
3.132700000000000000e+04
3.132800000000000000e+04
3.132900000000000000e+04
3.133000000000000000e+04
3.133400000000000000e+04
3.133500000000000000e+04
3.133600000000000000e+04
3.133700000000000000e+04
3.133800000000000000e+04
3.133900000000000000e+04
3.134000000000000000e+04
3.134100000000000000e+04
3.134200000000000000e+04
3.134300000000000000e+04
3.134400000000000000e+04
3.134500000000000000e+04
3.134600000000000000e+04
3.134700000000000000e+04
3.134800000000000000e+04
3.134900000000000000e+04
3.135000000000000000e+04
3.135100000000000000e+04
3.135200000000000000e+04
3.135300000000000000e+04
3.135400000000000000e+04
3.135500000000000000e+04
3.135600000000000000e+04
3.146200000000000000e+04
3.146300000000000000e+04
3.146400000000000000e+04
3.146500000000000000e+04
3.146600000000000000e+04
3.146700000000000000e+04
3.146800000000000000e+04
3.146900000000000000e+04
3.147000000000000000e+04
3.147100000000000000e+04
3.147200000000000000e+04
3.147300000000000000e+04
3.147400000000000000e+04
3.147500000000000000e+04
3.147600000000000000e+04
3.147700000000000000e+04
3.147800000000000000e+04
3.147900000000000000e+04
3.148000000000000000e+04
3.148100000000000000e+04
3.148200000000000000e+04
3.148300000000000000e+04
3.148400000000000000e+04
3.148500000000000000e+04
3.148600000000000000e+04
3.148700000000000000e+04
3.148800000000000000e+04
3.148900000000000000e+04
3.149000000000000000e+04
3.149100000000000000e+04
3.149200000000000000e+04
3.158700000000000000e+04
3.158800000000000000e+04
3.158900000000000000e+04
3.159000000000000000e+04
3.159100000000000000e+04
3.159200000000000000e+04
3.159300000000000000e+04
3.159400000000000000e+04
3.159500000000000000e+04
3.159600000000000000e+04
3.159700000000000000e+04
3.159800000000000000e+04
3.159900000000000000e+04
3.160000000000000000e+04
3.160100000000000000e+04
3.160200000000000000e+04
3.160300000000000000e+04
3.160400000000000000e+04
3.160500000000000000e+04
3.160600000000000000e+04
3.160700000000000000e+04
3.160800000000000000e+04
3.160900000000000000e+04
3.161000000000000000e+04
3.161100000000000000e+04
3.161200000000000000e+04
3.161300000000000000e+04
3.161400000000000000e+04
3.161500000000000000e+04
3.161600000000000000e+04
3.161700000000000000e+04
3.171100000000000000e+04
3.171200000000000000e+04
3.171300000000000000e+04
3.171400000000000000e+04
3.171500000000000000e+04
3.171600000000000000e+04
3.171700000000000000e+04
3.171800000000000000e+04
3.171900000000000000e+04
3.172000000000000000e+04
3.172100000000000000e+04
3.172200000000000000e+04
3.172300000000000000e+04
3.172400000000000000e+04
3.172500000000000000e+04
3.172600000000000000e+04
3.172700000000000000e+04
3.172800000000000000e+04
3.172900000000000000e+04
3.173000000000000000e+04
3.173100000000000000e+04
3.173200000000000000e+04
3.173300000000000000e+04
3.173400000000000000e+04
3.173500000000000000e+04
3.173600000000000000e+04
3.173700000000000000e+04
3.173800000000000000e+04
3.173900000000000000e+04
3.174000000000000000e+04
3.174100000000000000e+04
3.183500000000000000e+04
3.183600000000000000e+04
3.183700000000000000e+04
3.183800000000000000e+04
3.183900000000000000e+04
3.184000000000000000e+04
3.184100000000000000e+04
3.184200000000000000e+04
3.184300000000000000e+04
3.184400000000000000e+04
3.184500000000000000e+04
3.184600000000000000e+04
3.184700000000000000e+04
3.184800000000000000e+04
3.184900000000000000e+04
3.185000000000000000e+04
3.185100000000000000e+04
3.185200000000000000e+04
3.185300000000000000e+04
3.185400000000000000e+04
3.185500000000000000e+04
3.185600000000000000e+04
3.185700000000000000e+04
3.185800000000000000e+04
3.185900000000000000e+04
3.186000000000000000e+04
3.186100000000000000e+04
3.186200000000000000e+04
3.186300000000000000e+04
3.186400000000000000e+04
3.186500000000000000e+04
3.195900000000000000e+04
3.196000000000000000e+04
3.196100000000000000e+04
3.196200000000000000e+04
3.196300000000000000e+04
3.196400000000000000e+04
3.196500000000000000e+04
3.196600000000000000e+04
3.196700000000000000e+04
3.196800000000000000e+04
3.196900000000000000e+04
3.197000000000000000e+04
3.197100000000000000e+04
3.197200000000000000e+04
3.197300000000000000e+04
3.197400000000000000e+04
3.197500000000000000e+04
3.197600000000000000e+04
3.197700000000000000e+04
3.197800000000000000e+04
3.197900000000000000e+04
3.198000000000000000e+04
3.198100000000000000e+04
3.198200000000000000e+04
3.198300000000000000e+04
3.198400000000000000e+04
3.198500000000000000e+04
3.198600000000000000e+04
3.198700000000000000e+04
3.198800000000000000e+04
3.198900000000000000e+04
3.208200000000000000e+04
3.208300000000000000e+04
3.208400000000000000e+04
3.208500000000000000e+04
3.208600000000000000e+04
3.208700000000000000e+04
3.208800000000000000e+04
3.208900000000000000e+04
3.209000000000000000e+04
3.209100000000000000e+04
3.209200000000000000e+04
3.209300000000000000e+04
3.209400000000000000e+04
3.209500000000000000e+04
3.209600000000000000e+04
3.209700000000000000e+04
3.209800000000000000e+04
3.209900000000000000e+04
3.210000000000000000e+04
3.210100000000000000e+04
3.210200000000000000e+04
3.210300000000000000e+04
3.210400000000000000e+04
3.210500000000000000e+04
3.210600000000000000e+04
3.210700000000000000e+04
3.210800000000000000e+04
3.210900000000000000e+04
3.211000000000000000e+04
3.211100000000000000e+04
3.220600000000000000e+04
3.220700000000000000e+04
3.220800000000000000e+04
3.220900000000000000e+04
3.221000000000000000e+04
3.221100000000000000e+04
3.221200000000000000e+04
3.221300000000000000e+04
3.221400000000000000e+04
3.221500000000000000e+04
3.221600000000000000e+04
3.221700000000000000e+04
3.221800000000000000e+04
3.221900000000000000e+04
3.222000000000000000e+04
3.222100000000000000e+04
3.222200000000000000e+04
3.222300000000000000e+04
3.222400000000000000e+04
3.222500000000000000e+04
3.222600000000000000e+04
3.222700000000000000e+04
3.222800000000000000e+04
3.222900000000000000e+04
3.223000000000000000e+04
3.223100000000000000e+04
3.223200000000000000e+04
3.232700000000000000e+04
3.232800000000000000e+04
3.232900000000000000e+04
3.233000000000000000e+04
3.233100000000000000e+04
3.233200000000000000e+04
3.233300000000000000e+04
3.233400000000000000e+04
3.233500000000000000e+04
3.233600000000000000e+04
3.233700000000000000e+04
3.233800000000000000e+04
3.233900000000000000e+04
3.234000000000000000e+04
3.234100000000000000e+04
3.234200000000000000e+04
3.234300000000000000e+04
3.234400000000000000e+04
3.234500000000000000e+04
3.234600000000000000e+04
3.234700000000000000e+04
3.234800000000000000e+04
3.234900000000000000e+04
3.235000000000000000e+04
3.235100000000000000e+04
3.244600000000000000e+04
3.244700000000000000e+04
3.244800000000000000e+04
3.244900000000000000e+04
3.245000000000000000e+04
3.245100000000000000e+04
3.245200000000000000e+04
3.245300000000000000e+04
3.245400000000000000e+04
3.245500000000000000e+04
3.245600000000000000e+04
3.245700000000000000e+04
3.245800000000000000e+04
3.245900000000000000e+04
3.246000000000000000e+04
3.246100000000000000e+04
3.246200000000000000e+04
3.246300000000000000e+04
3.246400000000000000e+04
3.246500000000000000e+04
3.246600000000000000e+04
3.246700000000000000e+04
3.246800000000000000e+04
3.246900000000000000e+04
3.256400000000000000e+04
3.256500000000000000e+04
3.256600000000000000e+04
3.256700000000000000e+04
3.256800000000000000e+04
3.256900000000000000e+04
3.257000000000000000e+04
3.257100000000000000e+04
3.257200000000000000e+04
3.257300000000000000e+04
3.257400000000000000e+04
3.257500000000000000e+04
3.257600000000000000e+04
3.257700000000000000e+04
3.257800000000000000e+04
3.257900000000000000e+04
3.258000000000000000e+04
3.258100000000000000e+04
3.258200000000000000e+04
3.258300000000000000e+04
3.258400000000000000e+04
3.258500000000000000e+04
3.258600000000000000e+04
3.258700000000000000e+04
3.268200000000000000e+04
3.268300000000000000e+04
3.268400000000000000e+04
3.268500000000000000e+04
3.268600000000000000e+04
3.268700000000000000e+04
3.268800000000000000e+04
3.268900000000000000e+04
3.269000000000000000e+04
3.269100000000000000e+04
3.269200000000000000e+04
3.269300000000000000e+04
3.269400000000000000e+04
3.269500000000000000e+04
3.269600000000000000e+04
3.269700000000000000e+04
3.269800000000000000e+04
3.269900000000000000e+04
3.270000000000000000e+04
3.270100000000000000e+04
3.270200000000000000e+04
3.270300000000000000e+04
3.279700000000000000e+04
3.279800000000000000e+04
3.279900000000000000e+04
3.280000000000000000e+04
3.280100000000000000e+04
3.280200000000000000e+04
3.280300000000000000e+04
3.280400000000000000e+04
3.280500000000000000e+04
3.280600000000000000e+04
3.280700000000000000e+04
3.280800000000000000e+04
3.280900000000000000e+04
3.281000000000000000e+04
3.281100000000000000e+04
3.281200000000000000e+04
3.281300000000000000e+04
3.281400000000000000e+04
3.281500000000000000e+04
3.281600000000000000e+04
3.281700000000000000e+04
3.281800000000000000e+04
3.289900000000000000e+04
3.290000000000000000e+04
3.290100000000000000e+04
3.290200000000000000e+04
3.290300000000000000e+04
3.290400000000000000e+04
3.290500000000000000e+04
3.290600000000000000e+04
3.290700000000000000e+04
3.290800000000000000e+04
3.290900000000000000e+04
3.291000000000000000e+04
3.291100000000000000e+04
3.291200000000000000e+04
3.291300000000000000e+04
3.291400000000000000e+04
3.291500000000000000e+04
3.291600000000000000e+04
3.291700000000000000e+04
3.291800000000000000e+04
3.299600000000000000e+04
3.299700000000000000e+04
3.299800000000000000e+04
3.299900000000000000e+04
3.300000000000000000e+04
3.300100000000000000e+04
3.300200000000000000e+04
3.300300000000000000e+04
3.300400000000000000e+04
3.300500000000000000e+04
3.300600000000000000e+04
3.300700000000000000e+04
3.300800000000000000e+04
3.300900000000000000e+04
3.301000000000000000e+04
3.301100000000000000e+04
3.301200000000000000e+04
3.301300000000000000e+04
3.301400000000000000e+04
3.309400000000000000e+04
3.309500000000000000e+04
3.309600000000000000e+04
3.309700000000000000e+04
3.309800000000000000e+04
3.309900000000000000e+04
3.310000000000000000e+04
3.310100000000000000e+04
3.310200000000000000e+04
3.310300000000000000e+04
3.310400000000000000e+04
3.310500000000000000e+04
3.310600000000000000e+04
3.310700000000000000e+04
3.310800000000000000e+04
3.310900000000000000e+04
3.311000000000000000e+04
3.311100000000000000e+04
3.318900000000000000e+04
3.319000000000000000e+04
3.319100000000000000e+04
3.319200000000000000e+04
3.319300000000000000e+04
3.319400000000000000e+04
3.319500000000000000e+04
3.319600000000000000e+04
3.319700000000000000e+04
3.319800000000000000e+04
3.319900000000000000e+04
3.320000000000000000e+04
3.320100000000000000e+04
3.320200000000000000e+04
3.320300000000000000e+04
3.320400000000000000e+04
3.320500000000000000e+04
3.320600000000000000e+04
3.328400000000000000e+04
3.328500000000000000e+04
3.328600000000000000e+04
3.328700000000000000e+04
3.328800000000000000e+04
3.328900000000000000e+04
3.329000000000000000e+04
3.329100000000000000e+04
3.329200000000000000e+04
3.329300000000000000e+04
3.329400000000000000e+04
3.329500000000000000e+04
3.329600000000000000e+04
3.329700000000000000e+04
3.329800000000000000e+04
3.329900000000000000e+04
3.330000000000000000e+04
3.338900000000000000e+04
3.339000000000000000e+04
3.339100000000000000e+04
3.339200000000000000e+04
3.339300000000000000e+04
3.339400000000000000e+04
3.339500000000000000e+04
3.339600000000000000e+04
3.339700000000000000e+04
3.339800000000000000e+04
3.339900000000000000e+04
3.340000000000000000e+04
3.340100000000000000e+04
3.340200000000000000e+04
3.340300000000000000e+04
3.340400000000000000e+04
3.349100000000000000e+04
3.349200000000000000e+04
3.349300000000000000e+04
3.349400000000000000e+04
3.349500000000000000e+04
3.349600000000000000e+04
3.349700000000000000e+04
3.349800000000000000e+04
3.349900000000000000e+04
3.350000000000000000e+04
3.350100000000000000e+04
3.350200000000000000e+04
3.350300000000000000e+04
3.350400000000000000e+04
3.359400000000000000e+04
3.359500000000000000e+04
3.359600000000000000e+04
3.359700000000000000e+04
3.359800000000000000e+04
3.359900000000000000e+04
3.360000000000000000e+04
3.360100000000000000e+04
3.360200000000000000e+04
3.360300000000000000e+04
3.369000000000000000e+04
3.369100000000000000e+04
3.369200000000000000e+04
3.369300000000000000e+04
3.369400000000000000e+04
3.369500000000000000e+04
3.369600000000000000e+04
3.369700000000000000e+04
3.369800000000000000e+04
3.369900000000000000e+04
3.370000000000000000e+04
3.381100000000000000e+04
3.381200000000000000e+04
3.381300000000000000e+04
3.381400000000000000e+04
3.381500000000000000e+04
3.381600000000000000e+04
3.381700000000000000e+04
3.381800000000000000e+04
3.381900000000000000e+04
3.393400000000000000e+04
3.393500000000000000e+04
3.393600000000000000e+04
3.393700000000000000e+04
3.393800000000000000e+04
3.405700000000000000e+04
3.405800000000000000e+04
3.405900000000000000e+04
3.406000000000000000e+04
3.417400000000000000e+04
3.417500000000000000e+04
3.417600000000000000e+04
3.429100000000000000e+04
3.429200000000000000e+04
