1.077244000000000000e+06
1.077245000000000000e+06
1.077246000000000000e+06
1.077247000000000000e+06
1.077248000000000000e+06
1.077249000000000000e+06
1.077250000000000000e+06
1.077251000000000000e+06
1.077252000000000000e+06
1.077253000000000000e+06
1.077254000000000000e+06
1.077255000000000000e+06
1.078156000000000000e+06
1.078157000000000000e+06
1.078158000000000000e+06
1.078159000000000000e+06
1.078160000000000000e+06
1.078161000000000000e+06
1.078162000000000000e+06
1.078163000000000000e+06
1.078164000000000000e+06
1.078165000000000000e+06
1.078166000000000000e+06
1.078167000000000000e+06
1.079068000000000000e+06
1.079069000000000000e+06
1.079070000000000000e+06
1.079071000000000000e+06
1.079072000000000000e+06
1.079073000000000000e+06
1.079074000000000000e+06
1.079075000000000000e+06
1.079076000000000000e+06
1.079077000000000000e+06
1.079078000000000000e+06
1.079983000000000000e+06
1.079984000000000000e+06
1.079985000000000000e+06
1.079986000000000000e+06
1.079987000000000000e+06
1.079988000000000000e+06
1.079989000000000000e+06
1.079990000000000000e+06
1.079991000000000000e+06
1.079992000000000000e+06
1.080892000000000000e+06
1.080893000000000000e+06
1.080894000000000000e+06
1.080895000000000000e+06
1.080896000000000000e+06
1.080897000000000000e+06
1.080898000000000000e+06
1.080899000000000000e+06
1.080900000000000000e+06
1.080901000000000000e+06
1.081815000000000000e+06
1.081816000000000000e+06
1.081817000000000000e+06
1.081818000000000000e+06
1.081819000000000000e+06
1.081820000000000000e+06
1.081821000000000000e+06
1.081822000000000000e+06
1.081823000000000000e+06
1.082742000000000000e+06
1.082743000000000000e+06
1.082744000000000000e+06
1.082745000000000000e+06
1.082746000000000000e+06
1.082747000000000000e+06
1.082748000000000000e+06
1.082749000000000000e+06
1.082750000000000000e+06
1.083685000000000000e+06
1.083686000000000000e+06
1.083687000000000000e+06
1.083688000000000000e+06
1.083689000000000000e+06
1.083690000000000000e+06
1.083691000000000000e+06
1.083692000000000000e+06
1.084651000000000000e+06
1.084652000000000000e+06
1.084653000000000000e+06
1.084654000000000000e+06
1.084655000000000000e+06
1.084656000000000000e+06
1.084657000000000000e+06
1.085631000000000000e+06
1.085632000000000000e+06
1.085633000000000000e+06
1.085634000000000000e+06
1.085635000000000000e+06
1.085636000000000000e+06
1.086613000000000000e+06
1.086614000000000000e+06
1.086615000000000000e+06
1.086616000000000000e+06
1.086617000000000000e+06
1.086618000000000000e+06
1.087596000000000000e+06
1.087597000000000000e+06
1.087598000000000000e+06
1.087599000000000000e+06
1.087600000000000000e+06
1.087601000000000000e+06
1.088576000000000000e+06
1.088577000000000000e+06
1.088578000000000000e+06
1.088579000000000000e+06
1.088580000000000000e+06
1.088581000000000000e+06
1.088582000000000000e+06
1.089557000000000000e+06
1.089558000000000000e+06
1.089559000000000000e+06
1.089560000000000000e+06
1.089561000000000000e+06
1.089562000000000000e+06
1.090540000000000000e+06
1.090541000000000000e+06
1.090542000000000000e+06
1.090543000000000000e+06
1.090544000000000000e+06
1.091523000000000000e+06
1.091524000000000000e+06
1.091525000000000000e+06
1.091526000000000000e+06
1.092517000000000000e+06
1.092518000000000000e+06
1.092519000000000000e+06
1.092520000000000000e+06
1.093518000000000000e+06
1.093519000000000000e+06
1.094526000000000000e+06
1.094527000000000000e+06
1.094528000000000000e+06
1.095531000000000000e+06
1.095532000000000000e+06
1.095533000000000000e+06
1.095534000000000000e+06
1.096550000000000000e+06
1.096551000000000000e+06
1.096552000000000000e+06
1.096553000000000000e+06
1.097566000000000000e+06
1.097567000000000000e+06
1.097568000000000000e+06
1.097569000000000000e+06
1.098605000000000000e+06
1.098606000000000000e+06
1.098607000000000000e+06
1.098608000000000000e+06
1.098609000000000000e+06
1.099653000000000000e+06
1.099654000000000000e+06
1.099655000000000000e+06
1.099656000000000000e+06
1.099657000000000000e+06
1.100718000000000000e+06
1.100719000000000000e+06
1.100720000000000000e+06
1.100721000000000000e+06
1.100722000000000000e+06
1.101787000000000000e+06
1.101788000000000000e+06
1.101789000000000000e+06
1.101790000000000000e+06
1.102850000000000000e+06
1.102851000000000000e+06
1.103925000000000000e+06
1.103926000000000000e+06
1.103927000000000000e+06
1.105015000000000000e+06
1.105016000000000000e+06
1.106111000000000000e+06
1.106112000000000000e+06
1.107209000000000000e+06
1.107210000000000000e+06
1.108311000000000000e+06
1.110553000000000000e+06
1.111692000000000000e+06
1.112832000000000000e+06
1.113984000000000000e+06
1.113985000000000000e+06
1.115148000000000000e+06
1.115149000000000000e+06
1.115150000000000000e+06
1.116322000000000000e+06
1.116323000000000000e+06
1.116324000000000000e+06
1.117505000000000000e+06
1.117506000000000000e+06
1.117507000000000000e+06
1.118707000000000000e+06
1.118708000000000000e+06
1.118711000000000000e+06
1.119925000000000000e+06
1.119926000000000000e+06
1.119927000000000000e+06
1.119928000000000000e+06
1.119929000000000000e+06
1.121149000000000000e+06
1.121150000000000000e+06
1.121151000000000000e+06
1.121152000000000000e+06
1.121153000000000000e+06
1.121155000000000000e+06
1.122379000000000000e+06
1.122380000000000000e+06
1.122381000000000000e+06
1.122382000000000000e+06
1.122383000000000000e+06
1.122384000000000000e+06
1.122385000000000000e+06
1.122386000000000000e+06
1.122387000000000000e+06
1.123635000000000000e+06
1.123636000000000000e+06
1.123637000000000000e+06
1.123638000000000000e+06
1.123639000000000000e+06
1.123640000000000000e+06
1.123641000000000000e+06
1.123642000000000000e+06
1.123643000000000000e+06
1.123644000000000000e+06
1.124900000000000000e+06
1.124901000000000000e+06
1.124902000000000000e+06
1.124903000000000000e+06
1.124904000000000000e+06
1.124905000000000000e+06
1.124906000000000000e+06
1.124907000000000000e+06
1.124908000000000000e+06
1.124909000000000000e+06
1.126180000000000000e+06
1.126181000000000000e+06
1.126182000000000000e+06
1.126183000000000000e+06
1.126184000000000000e+06
1.126185000000000000e+06
1.126186000000000000e+06
1.126187000000000000e+06
1.126188000000000000e+06
1.126189000000000000e+06
1.127455000000000000e+06
1.127456000000000000e+06
1.127457000000000000e+06
1.127458000000000000e+06
1.127459000000000000e+06
1.127460000000000000e+06
1.127461000000000000e+06
1.127462000000000000e+06
1.127463000000000000e+06
1.127464000000000000e+06
1.128735000000000000e+06
1.128736000000000000e+06
1.128737000000000000e+06
1.128738000000000000e+06
1.128739000000000000e+06
1.128740000000000000e+06
1.128741000000000000e+06
1.128742000000000000e+06
1.128743000000000000e+06
1.128744000000000000e+06
1.128745000000000000e+06
1.130031000000000000e+06
1.130032000000000000e+06
1.130033000000000000e+06
1.130034000000000000e+06
1.130035000000000000e+06
1.130036000000000000e+06
1.130037000000000000e+06
1.130038000000000000e+06
1.130039000000000000e+06
1.130040000000000000e+06
1.130041000000000000e+06
1.130044000000000000e+06
1.130045000000000000e+06
1.131321000000000000e+06
1.131322000000000000e+06
1.131323000000000000e+06
1.131324000000000000e+06
1.131325000000000000e+06
1.131326000000000000e+06
1.131327000000000000e+06
1.131328000000000000e+06
1.131329000000000000e+06
1.131330000000000000e+06
1.131331000000000000e+06
1.131332000000000000e+06
1.131333000000000000e+06
1.131334000000000000e+06
1.131335000000000000e+06
1.131336000000000000e+06
1.132613000000000000e+06
1.132614000000000000e+06
1.132615000000000000e+06
1.132616000000000000e+06
1.132617000000000000e+06
1.132618000000000000e+06
1.132619000000000000e+06
1.132620000000000000e+06
1.132621000000000000e+06
1.132622000000000000e+06
1.132623000000000000e+06
1.132624000000000000e+06
1.132625000000000000e+06
1.132626000000000000e+06
1.132627000000000000e+06
1.132628000000000000e+06
1.133906000000000000e+06
1.133907000000000000e+06
1.133908000000000000e+06
1.133909000000000000e+06
1.133910000000000000e+06
1.133911000000000000e+06
1.133912000000000000e+06
1.133913000000000000e+06
1.133914000000000000e+06
1.133915000000000000e+06
1.133916000000000000e+06
1.133917000000000000e+06
1.133918000000000000e+06
1.133919000000000000e+06
1.133920000000000000e+06
1.133921000000000000e+06
1.135199000000000000e+06
1.135200000000000000e+06
1.135201000000000000e+06
1.135202000000000000e+06
1.135203000000000000e+06
1.135204000000000000e+06
1.135205000000000000e+06
1.135206000000000000e+06
1.135207000000000000e+06
1.135208000000000000e+06
1.135209000000000000e+06
1.135210000000000000e+06
1.135211000000000000e+06
1.135212000000000000e+06
1.135213000000000000e+06
1.135214000000000000e+06
1.136493000000000000e+06
1.136494000000000000e+06
1.136495000000000000e+06
1.136496000000000000e+06
1.136497000000000000e+06
1.136498000000000000e+06
1.136499000000000000e+06
1.136500000000000000e+06
1.136501000000000000e+06
1.136502000000000000e+06
1.136503000000000000e+06
1.136504000000000000e+06
1.136505000000000000e+06
1.136506000000000000e+06
1.136507000000000000e+06
1.136508000000000000e+06
1.137758000000000000e+06
1.137759000000000000e+06
1.137760000000000000e+06
1.137761000000000000e+06
1.137762000000000000e+06
1.137763000000000000e+06
1.137764000000000000e+06
1.137765000000000000e+06
1.137766000000000000e+06
1.137767000000000000e+06
1.137768000000000000e+06
1.137769000000000000e+06
1.137770000000000000e+06
1.137771000000000000e+06
1.137772000000000000e+06
1.137773000000000000e+06
1.137774000000000000e+06
1.137788000000000000e+06
1.137789000000000000e+06
1.137790000000000000e+06
1.139023000000000000e+06
1.139024000000000000e+06
1.139025000000000000e+06
1.139026000000000000e+06
1.139027000000000000e+06
1.139028000000000000e+06
1.139029000000000000e+06
1.139030000000000000e+06
1.139031000000000000e+06
1.139032000000000000e+06
1.139033000000000000e+06
1.139034000000000000e+06
1.139035000000000000e+06
1.139036000000000000e+06
1.139037000000000000e+06
1.139038000000000000e+06
1.139039000000000000e+06
1.139040000000000000e+06
1.139052000000000000e+06
1.139053000000000000e+06
1.139054000000000000e+06
1.139055000000000000e+06
1.139056000000000000e+06
1.140290000000000000e+06
1.140291000000000000e+06
1.140292000000000000e+06
1.140293000000000000e+06
1.140294000000000000e+06
1.140295000000000000e+06
1.140296000000000000e+06
1.140297000000000000e+06
1.140298000000000000e+06
1.140299000000000000e+06
1.140300000000000000e+06
1.140301000000000000e+06
1.140302000000000000e+06
1.140303000000000000e+06
1.140304000000000000e+06
1.140305000000000000e+06
1.140306000000000000e+06
1.140307000000000000e+06
1.140308000000000000e+06
1.140319000000000000e+06
1.140320000000000000e+06
1.140321000000000000e+06
1.140322000000000000e+06
1.140323000000000000e+06
1.141558000000000000e+06
1.141559000000000000e+06
1.141560000000000000e+06
1.141561000000000000e+06
1.141562000000000000e+06
1.141563000000000000e+06
1.141564000000000000e+06
1.141565000000000000e+06
1.141566000000000000e+06
1.141567000000000000e+06
1.141568000000000000e+06
1.141569000000000000e+06
1.141570000000000000e+06
1.141571000000000000e+06
1.141572000000000000e+06
1.141573000000000000e+06
1.141574000000000000e+06
1.141575000000000000e+06
1.141576000000000000e+06
1.141585000000000000e+06
1.141586000000000000e+06
1.141587000000000000e+06
1.141588000000000000e+06
1.141590000000000000e+06
1.142823000000000000e+06
1.142824000000000000e+06
1.142825000000000000e+06
1.142826000000000000e+06
1.142827000000000000e+06
1.142828000000000000e+06
1.142829000000000000e+06
1.142830000000000000e+06
1.142831000000000000e+06
1.142832000000000000e+06
1.142833000000000000e+06
1.142834000000000000e+06
1.142835000000000000e+06
1.142836000000000000e+06
1.142837000000000000e+06
1.142838000000000000e+06
1.142839000000000000e+06
1.142840000000000000e+06
1.142841000000000000e+06
1.142849000000000000e+06
1.142850000000000000e+06
1.142851000000000000e+06
1.142852000000000000e+06
1.142853000000000000e+06
1.142855000000000000e+06
1.144088000000000000e+06
1.144089000000000000e+06
1.144090000000000000e+06
1.144091000000000000e+06
1.144092000000000000e+06
1.144093000000000000e+06
1.144094000000000000e+06
1.144095000000000000e+06
1.144096000000000000e+06
1.144097000000000000e+06
1.144098000000000000e+06
1.144099000000000000e+06
1.144100000000000000e+06
1.144101000000000000e+06
1.144102000000000000e+06
1.144103000000000000e+06
1.144104000000000000e+06
1.144105000000000000e+06
1.144113000000000000e+06
1.144114000000000000e+06
1.144115000000000000e+06
1.144116000000000000e+06
1.144117000000000000e+06
1.144118000000000000e+06
1.144119000000000000e+06
1.145350000000000000e+06
1.145351000000000000e+06
1.145352000000000000e+06
1.145353000000000000e+06
1.145354000000000000e+06
1.145355000000000000e+06
1.145356000000000000e+06
1.145357000000000000e+06
1.145358000000000000e+06
1.145359000000000000e+06
1.145360000000000000e+06
1.145361000000000000e+06
1.145362000000000000e+06
1.145363000000000000e+06
1.145364000000000000e+06
1.145365000000000000e+06
1.145366000000000000e+06
1.145367000000000000e+06
1.145373000000000000e+06
1.145374000000000000e+06
1.145375000000000000e+06
1.145376000000000000e+06
1.145377000000000000e+06
1.145378000000000000e+06
1.145379000000000000e+06
1.145380000000000000e+06
1.146614000000000000e+06
1.146615000000000000e+06
1.146616000000000000e+06
1.146617000000000000e+06
1.146618000000000000e+06
1.146619000000000000e+06
1.146620000000000000e+06
1.146621000000000000e+06
1.146622000000000000e+06
1.146623000000000000e+06
1.146624000000000000e+06
1.146625000000000000e+06
1.146626000000000000e+06
1.146627000000000000e+06
1.146628000000000000e+06
1.146629000000000000e+06
1.146630000000000000e+06
1.146631000000000000e+06
1.146632000000000000e+06
1.146636000000000000e+06
1.146637000000000000e+06
1.146638000000000000e+06
1.146639000000000000e+06
1.146640000000000000e+06
1.146641000000000000e+06
1.146642000000000000e+06
1.146643000000000000e+06
1.146644000000000000e+06
1.146645000000000000e+06
1.146646000000000000e+06
1.146647000000000000e+06
1.147894000000000000e+06
1.147895000000000000e+06
1.147896000000000000e+06
1.147897000000000000e+06
1.147898000000000000e+06
1.147899000000000000e+06
1.147900000000000000e+06
1.147901000000000000e+06
1.147902000000000000e+06
1.147903000000000000e+06
1.147904000000000000e+06
1.147905000000000000e+06
1.147906000000000000e+06
1.147907000000000000e+06
1.147908000000000000e+06
1.147909000000000000e+06
1.147910000000000000e+06
1.147911000000000000e+06
1.147912000000000000e+06
1.147913000000000000e+06
1.147915000000000000e+06
1.147916000000000000e+06
1.147917000000000000e+06
1.147918000000000000e+06
1.147919000000000000e+06
1.147920000000000000e+06
1.147921000000000000e+06
1.147922000000000000e+06
1.147923000000000000e+06
1.147924000000000000e+06
1.147925000000000000e+06
1.147926000000000000e+06
1.147927000000000000e+06
1.147928000000000000e+06
1.149185000000000000e+06
1.149186000000000000e+06
1.149187000000000000e+06
1.149188000000000000e+06
1.149189000000000000e+06
1.149190000000000000e+06
1.149191000000000000e+06
1.149192000000000000e+06
1.149193000000000000e+06
1.149194000000000000e+06
1.149195000000000000e+06
1.149196000000000000e+06
1.149197000000000000e+06
1.149198000000000000e+06
1.149199000000000000e+06
1.149200000000000000e+06
1.149201000000000000e+06
1.149202000000000000e+06
1.149203000000000000e+06
1.149204000000000000e+06
1.149205000000000000e+06
1.149206000000000000e+06
1.149207000000000000e+06
1.149208000000000000e+06
1.149209000000000000e+06
1.149210000000000000e+06
1.149211000000000000e+06
1.149212000000000000e+06
1.149213000000000000e+06
1.149214000000000000e+06
1.149215000000000000e+06
1.149216000000000000e+06
1.149217000000000000e+06
1.149218000000000000e+06
1.149219000000000000e+06
1.149220000000000000e+06
1.150477000000000000e+06
1.150478000000000000e+06
1.150479000000000000e+06
1.150480000000000000e+06
1.150481000000000000e+06
1.150482000000000000e+06
1.150483000000000000e+06
1.150484000000000000e+06
1.150485000000000000e+06
1.150486000000000000e+06
1.150487000000000000e+06
1.150488000000000000e+06
1.150489000000000000e+06
1.150490000000000000e+06
1.150491000000000000e+06
1.150492000000000000e+06
1.150493000000000000e+06
1.150494000000000000e+06
1.150495000000000000e+06
1.150496000000000000e+06
1.150497000000000000e+06
1.150498000000000000e+06
1.150499000000000000e+06
1.150500000000000000e+06
1.150501000000000000e+06
1.150502000000000000e+06
1.150503000000000000e+06
1.150504000000000000e+06
1.150505000000000000e+06
1.150506000000000000e+06
1.150507000000000000e+06
1.150508000000000000e+06
1.150509000000000000e+06
1.150512000000000000e+06
1.151777000000000000e+06
1.151778000000000000e+06
1.151779000000000000e+06
1.151780000000000000e+06
1.151781000000000000e+06
1.151782000000000000e+06
1.151783000000000000e+06
1.151784000000000000e+06
1.151785000000000000e+06
1.151786000000000000e+06
1.151787000000000000e+06
1.151788000000000000e+06
1.151789000000000000e+06
1.151790000000000000e+06
1.151791000000000000e+06
1.151792000000000000e+06
1.151793000000000000e+06
1.151794000000000000e+06
1.151795000000000000e+06
1.151796000000000000e+06
1.151797000000000000e+06
1.151798000000000000e+06
1.151799000000000000e+06
1.151800000000000000e+06
1.151801000000000000e+06
1.151802000000000000e+06
1.151803000000000000e+06
1.151804000000000000e+06
1.151805000000000000e+06
1.151806000000000000e+06
1.151807000000000000e+06
1.151808000000000000e+06
1.151809000000000000e+06
1.151810000000000000e+06
1.151811000000000000e+06
1.153074000000000000e+06
1.153075000000000000e+06
1.153076000000000000e+06
1.153077000000000000e+06
1.153078000000000000e+06
1.153079000000000000e+06
1.153080000000000000e+06
1.153081000000000000e+06
1.153082000000000000e+06
1.153083000000000000e+06
1.153084000000000000e+06
1.153085000000000000e+06
1.153086000000000000e+06
1.153087000000000000e+06
1.153088000000000000e+06
1.153089000000000000e+06
1.153090000000000000e+06
1.153091000000000000e+06
1.153092000000000000e+06
1.153093000000000000e+06
1.153094000000000000e+06
1.153095000000000000e+06
1.153096000000000000e+06
1.153097000000000000e+06
1.153098000000000000e+06
1.153099000000000000e+06
1.153100000000000000e+06
1.153101000000000000e+06
1.153102000000000000e+06
1.153103000000000000e+06
1.153104000000000000e+06
1.153105000000000000e+06
1.153106000000000000e+06
1.153107000000000000e+06
1.153108000000000000e+06
1.153109000000000000e+06
1.153110000000000000e+06
1.154360000000000000e+06
1.154361000000000000e+06
1.154362000000000000e+06
1.154363000000000000e+06
1.154364000000000000e+06
1.154365000000000000e+06
1.154366000000000000e+06
1.154367000000000000e+06
1.154368000000000000e+06
1.154369000000000000e+06
1.154370000000000000e+06
1.154371000000000000e+06
1.154372000000000000e+06
1.154373000000000000e+06
1.154374000000000000e+06
1.154375000000000000e+06
1.154376000000000000e+06
1.154377000000000000e+06
1.154378000000000000e+06
1.154379000000000000e+06
1.154380000000000000e+06
1.154381000000000000e+06
1.154382000000000000e+06
1.154383000000000000e+06
1.154384000000000000e+06
1.154385000000000000e+06
1.154386000000000000e+06
1.154387000000000000e+06
1.154388000000000000e+06
1.154389000000000000e+06
1.154390000000000000e+06
1.154391000000000000e+06
1.154392000000000000e+06
1.154393000000000000e+06
1.154394000000000000e+06
1.154395000000000000e+06
1.154396000000000000e+06
1.155651000000000000e+06
1.155652000000000000e+06
1.155653000000000000e+06
1.155654000000000000e+06
1.155655000000000000e+06
1.155656000000000000e+06
1.155657000000000000e+06
1.155658000000000000e+06
1.155659000000000000e+06
1.155660000000000000e+06
1.155661000000000000e+06
1.155662000000000000e+06
1.155663000000000000e+06
1.155664000000000000e+06
1.155665000000000000e+06
1.155666000000000000e+06
1.155667000000000000e+06
1.155668000000000000e+06
1.155669000000000000e+06
1.155670000000000000e+06
1.155671000000000000e+06
1.155672000000000000e+06
1.155673000000000000e+06
1.155675000000000000e+06
1.155677000000000000e+06
1.155678000000000000e+06
1.155679000000000000e+06
1.155680000000000000e+06
1.155681000000000000e+06
1.155682000000000000e+06
1.155683000000000000e+06
1.155684000000000000e+06
1.155685000000000000e+06
1.155686000000000000e+06
1.155687000000000000e+06
1.156951000000000000e+06
1.156952000000000000e+06
1.156953000000000000e+06
1.156954000000000000e+06
1.156955000000000000e+06
1.156956000000000000e+06
1.156957000000000000e+06
1.156958000000000000e+06
1.156959000000000000e+06
1.156960000000000000e+06
1.156961000000000000e+06
1.156962000000000000e+06
1.156963000000000000e+06
1.156964000000000000e+06
1.156965000000000000e+06
1.156966000000000000e+06
1.156967000000000000e+06
1.156968000000000000e+06
1.156969000000000000e+06
1.156970000000000000e+06
1.156971000000000000e+06
1.156972000000000000e+06
1.156973000000000000e+06
1.156974000000000000e+06
1.156975000000000000e+06
1.156976000000000000e+06
1.156977000000000000e+06
1.156978000000000000e+06
1.156979000000000000e+06
1.156982000000000000e+06
1.156983000000000000e+06
1.156984000000000000e+06
1.156985000000000000e+06
1.156986000000000000e+06
1.158254000000000000e+06
1.158255000000000000e+06
1.158256000000000000e+06
1.158257000000000000e+06
1.158258000000000000e+06
1.158259000000000000e+06
1.158260000000000000e+06
1.158261000000000000e+06
1.158262000000000000e+06
1.158263000000000000e+06
1.158264000000000000e+06
1.158265000000000000e+06
1.158266000000000000e+06
1.158267000000000000e+06
1.158268000000000000e+06
1.158269000000000000e+06
1.158270000000000000e+06
1.158271000000000000e+06
1.158272000000000000e+06
1.158273000000000000e+06
1.158274000000000000e+06
1.158275000000000000e+06
1.158276000000000000e+06
1.158277000000000000e+06
1.158278000000000000e+06
1.158279000000000000e+06
1.158280000000000000e+06
1.158281000000000000e+06
1.158282000000000000e+06
1.158283000000000000e+06
1.158284000000000000e+06
1.158286000000000000e+06
1.158287000000000000e+06
1.158288000000000000e+06
1.158289000000000000e+06
1.158290000000000000e+06
1.159557000000000000e+06
1.159558000000000000e+06
1.159559000000000000e+06
1.159560000000000000e+06
1.159561000000000000e+06
1.159562000000000000e+06
1.159563000000000000e+06
1.159564000000000000e+06
1.159565000000000000e+06
1.159566000000000000e+06
1.159567000000000000e+06
1.159570000000000000e+06
1.159571000000000000e+06
1.159572000000000000e+06
1.159573000000000000e+06
1.159574000000000000e+06
1.159575000000000000e+06
1.159576000000000000e+06
1.159577000000000000e+06
1.159578000000000000e+06
1.159579000000000000e+06
1.159580000000000000e+06
1.159581000000000000e+06
1.159582000000000000e+06
1.159583000000000000e+06
1.159584000000000000e+06
1.159585000000000000e+06
1.159586000000000000e+06
1.159587000000000000e+06
1.159588000000000000e+06
1.159590000000000000e+06
1.159591000000000000e+06
1.159592000000000000e+06
1.159593000000000000e+06
1.159594000000000000e+06
1.160874000000000000e+06
1.160875000000000000e+06
1.160876000000000000e+06
1.160877000000000000e+06
1.160878000000000000e+06
1.160879000000000000e+06
1.160880000000000000e+06
1.160881000000000000e+06
1.160882000000000000e+06
1.160883000000000000e+06
1.160884000000000000e+06
1.160886000000000000e+06
1.160887000000000000e+06
1.160888000000000000e+06
1.160889000000000000e+06
1.160891000000000000e+06
1.160892000000000000e+06
1.160894000000000000e+06
1.160895000000000000e+06
1.160896000000000000e+06
1.160899000000000000e+06
1.160900000000000000e+06
1.160901000000000000e+06
1.160902000000000000e+06
1.160903000000000000e+06
1.160904000000000000e+06
1.160905000000000000e+06
1.160906000000000000e+06
1.160907000000000000e+06
1.160908000000000000e+06
1.160909000000000000e+06
1.160910000000000000e+06
1.160911000000000000e+06
1.160912000000000000e+06
1.162193000000000000e+06
1.162194000000000000e+06
1.162195000000000000e+06
1.162196000000000000e+06
1.162197000000000000e+06
1.162198000000000000e+06
1.162199000000000000e+06
1.162200000000000000e+06
1.162201000000000000e+06
1.162202000000000000e+06
1.162203000000000000e+06
1.162204000000000000e+06
1.162205000000000000e+06
1.162207000000000000e+06
1.162208000000000000e+06
1.162209000000000000e+06
1.162210000000000000e+06
1.162211000000000000e+06
1.162212000000000000e+06
1.162213000000000000e+06
1.162223000000000000e+06
1.162224000000000000e+06
1.162225000000000000e+06
1.162227000000000000e+06
1.162228000000000000e+06
1.162229000000000000e+06
1.162230000000000000e+06
1.162231000000000000e+06
1.163525000000000000e+06
1.163526000000000000e+06
1.163527000000000000e+06
1.163528000000000000e+06
1.163529000000000000e+06
1.163530000000000000e+06
1.163531000000000000e+06
1.163532000000000000e+06
1.163533000000000000e+06
1.163534000000000000e+06
1.163536000000000000e+06
1.163539000000000000e+06
1.163540000000000000e+06
1.163541000000000000e+06
1.163542000000000000e+06
1.163556000000000000e+06
1.163557000000000000e+06
1.163558000000000000e+06
1.163559000000000000e+06
1.163560000000000000e+06
1.163561000000000000e+06
1.163563000000000000e+06
1.164864000000000000e+06
1.164865000000000000e+06
1.164866000000000000e+06
1.164867000000000000e+06
1.164868000000000000e+06
1.164869000000000000e+06
1.164870000000000000e+06
1.164871000000000000e+06
1.164872000000000000e+06
1.164873000000000000e+06
1.164874000000000000e+06
1.164875000000000000e+06
1.164881000000000000e+06
1.164896000000000000e+06
1.164897000000000000e+06
1.164898000000000000e+06
1.164899000000000000e+06
1.164900000000000000e+06
1.164901000000000000e+06
1.164902000000000000e+06
1.164903000000000000e+06
1.166207000000000000e+06
1.166208000000000000e+06
1.166209000000000000e+06
1.166210000000000000e+06
1.166211000000000000e+06
1.166212000000000000e+06
1.166213000000000000e+06
1.166214000000000000e+06
1.166215000000000000e+06
1.166216000000000000e+06
1.166218000000000000e+06
1.166244000000000000e+06
1.166245000000000000e+06
1.166246000000000000e+06
1.166247000000000000e+06
1.167552000000000000e+06
1.167553000000000000e+06
1.167554000000000000e+06
1.167555000000000000e+06
1.167556000000000000e+06
1.167557000000000000e+06
1.167558000000000000e+06
1.167559000000000000e+06
1.167560000000000000e+06
1.167570000000000000e+06
1.167571000000000000e+06
1.167576000000000000e+06
1.167577000000000000e+06
1.167591000000000000e+06
1.167592000000000000e+06
1.168900000000000000e+06
1.168901000000000000e+06
1.168902000000000000e+06
1.168903000000000000e+06
1.168904000000000000e+06
1.168905000000000000e+06
1.168906000000000000e+06
1.168907000000000000e+06
1.168908000000000000e+06
1.168917000000000000e+06
1.168918000000000000e+06
1.168919000000000000e+06
1.168922000000000000e+06
1.168923000000000000e+06
1.168930000000000000e+06
1.168931000000000000e+06
1.170248000000000000e+06
1.170249000000000000e+06
1.170250000000000000e+06
1.170251000000000000e+06
1.170252000000000000e+06
1.170253000000000000e+06
1.170254000000000000e+06
1.170255000000000000e+06
1.170258000000000000e+06
1.170261000000000000e+06
1.170266000000000000e+06
1.170267000000000000e+06
1.170270000000000000e+06
1.170271000000000000e+06
1.170275000000000000e+06
1.170276000000000000e+06
1.170278000000000000e+06
1.170279000000000000e+06
1.170280000000000000e+06
1.171593000000000000e+06
1.171594000000000000e+06
1.171595000000000000e+06
1.171596000000000000e+06
1.171597000000000000e+06
1.171598000000000000e+06
1.171599000000000000e+06
1.171600000000000000e+06
1.171601000000000000e+06
1.171604000000000000e+06
1.171605000000000000e+06
1.171606000000000000e+06
1.171607000000000000e+06
1.171608000000000000e+06
1.171609000000000000e+06
1.171615000000000000e+06
1.171616000000000000e+06
1.171617000000000000e+06
1.171620000000000000e+06
1.171623000000000000e+06
1.171624000000000000e+06
1.171625000000000000e+06
1.172946000000000000e+06
1.172947000000000000e+06
1.172948000000000000e+06
1.172949000000000000e+06
1.172950000000000000e+06
1.172951000000000000e+06
1.172952000000000000e+06
1.172953000000000000e+06
1.172956000000000000e+06
1.172957000000000000e+06
1.172958000000000000e+06
1.172959000000000000e+06
1.172960000000000000e+06
1.172962000000000000e+06
1.172964000000000000e+06
1.172965000000000000e+06
1.172967000000000000e+06
1.172968000000000000e+06
1.172970000000000000e+06
1.172973000000000000e+06
1.172976000000000000e+06
1.172977000000000000e+06
1.172978000000000000e+06
1.172979000000000000e+06
1.172980000000000000e+06
1.172981000000000000e+06
1.174300000000000000e+06
1.174301000000000000e+06
1.174302000000000000e+06
1.174303000000000000e+06
1.174304000000000000e+06
1.174305000000000000e+06
1.174306000000000000e+06
1.174307000000000000e+06
1.174310000000000000e+06
1.174311000000000000e+06
1.174312000000000000e+06
1.174313000000000000e+06
1.174314000000000000e+06
1.174315000000000000e+06
1.174316000000000000e+06
1.174317000000000000e+06
1.174318000000000000e+06
1.174319000000000000e+06
1.174320000000000000e+06
1.174321000000000000e+06
1.174322000000000000e+06
1.174323000000000000e+06
1.174325000000000000e+06
1.174326000000000000e+06
1.174328000000000000e+06
1.174330000000000000e+06
1.174331000000000000e+06
1.174332000000000000e+06
1.174333000000000000e+06
1.174334000000000000e+06
1.174335000000000000e+06
1.175652000000000000e+06
1.175653000000000000e+06
1.175654000000000000e+06
1.175655000000000000e+06
1.175656000000000000e+06
1.175658000000000000e+06
1.175660000000000000e+06
1.175661000000000000e+06
1.175662000000000000e+06
1.175663000000000000e+06
1.175664000000000000e+06
1.175665000000000000e+06
1.175666000000000000e+06
1.175667000000000000e+06
1.175668000000000000e+06
1.175669000000000000e+06
1.175670000000000000e+06
1.175671000000000000e+06
1.175672000000000000e+06
1.175673000000000000e+06
1.175674000000000000e+06
1.175675000000000000e+06
1.175676000000000000e+06
1.175677000000000000e+06
1.175680000000000000e+06
1.175681000000000000e+06
1.175682000000000000e+06
1.175683000000000000e+06
1.175684000000000000e+06
1.175685000000000000e+06
1.175686000000000000e+06
1.176994000000000000e+06
1.176995000000000000e+06
1.176996000000000000e+06
1.176997000000000000e+06
1.177000000000000000e+06
1.177002000000000000e+06
1.177003000000000000e+06
1.177004000000000000e+06
1.177005000000000000e+06
1.177006000000000000e+06
1.177007000000000000e+06
1.177008000000000000e+06
1.177009000000000000e+06
1.177010000000000000e+06
1.177011000000000000e+06
1.177012000000000000e+06
1.177013000000000000e+06
1.177014000000000000e+06
1.177015000000000000e+06
1.177016000000000000e+06
1.177017000000000000e+06
1.177018000000000000e+06
1.177019000000000000e+06
1.177020000000000000e+06
1.177021000000000000e+06
1.177023000000000000e+06
1.177024000000000000e+06
1.177025000000000000e+06
1.177026000000000000e+06
1.177027000000000000e+06
1.177028000000000000e+06
1.177029000000000000e+06
1.177030000000000000e+06
1.178334000000000000e+06
1.178335000000000000e+06
1.178336000000000000e+06
1.178337000000000000e+06
1.178343000000000000e+06
1.178344000000000000e+06
1.178345000000000000e+06
1.178346000000000000e+06
1.178347000000000000e+06
1.178348000000000000e+06
1.178349000000000000e+06
1.178350000000000000e+06
1.178351000000000000e+06
1.178352000000000000e+06
1.178353000000000000e+06
1.178354000000000000e+06
1.178355000000000000e+06
1.178356000000000000e+06
1.178357000000000000e+06
1.178358000000000000e+06
1.178359000000000000e+06
1.178360000000000000e+06
1.178361000000000000e+06
1.178363000000000000e+06
1.178364000000000000e+06
1.178365000000000000e+06
1.178366000000000000e+06
1.178367000000000000e+06
1.178373000000000000e+06
1.178374000000000000e+06
1.178377000000000000e+06
1.178378000000000000e+06
1.179675000000000000e+06
1.179676000000000000e+06
1.179677000000000000e+06
1.179678000000000000e+06
1.179680000000000000e+06
1.179682000000000000e+06
1.179684000000000000e+06
1.179685000000000000e+06
1.179686000000000000e+06
1.179687000000000000e+06
1.179688000000000000e+06
1.179689000000000000e+06
1.179690000000000000e+06
1.179691000000000000e+06
1.179692000000000000e+06
1.179693000000000000e+06
1.179694000000000000e+06
1.179695000000000000e+06
1.179696000000000000e+06
1.179697000000000000e+06
1.179698000000000000e+06
1.179699000000000000e+06
1.179700000000000000e+06
1.179701000000000000e+06
1.179703000000000000e+06
1.179704000000000000e+06
1.179705000000000000e+06
1.179706000000000000e+06
1.179707000000000000e+06
1.179708000000000000e+06
1.179710000000000000e+06
1.181009000000000000e+06
1.181010000000000000e+06
1.181011000000000000e+06
1.181012000000000000e+06
1.181013000000000000e+06
1.181015000000000000e+06
1.181016000000000000e+06
1.181018000000000000e+06
1.181019000000000000e+06
1.181020000000000000e+06
1.181021000000000000e+06
1.181022000000000000e+06
1.181023000000000000e+06
1.181024000000000000e+06
1.181025000000000000e+06
1.181026000000000000e+06
1.181027000000000000e+06
1.181028000000000000e+06
1.181029000000000000e+06
1.181030000000000000e+06
1.181031000000000000e+06
1.181032000000000000e+06
1.181033000000000000e+06
1.181034000000000000e+06
1.181035000000000000e+06
1.181036000000000000e+06
1.181037000000000000e+06
1.181038000000000000e+06
1.181039000000000000e+06
1.181040000000000000e+06
1.181041000000000000e+06
1.181042000000000000e+06
1.181043000000000000e+06
1.181044000000000000e+06
1.181047000000000000e+06
1.182347000000000000e+06
1.182348000000000000e+06
1.182349000000000000e+06
1.182350000000000000e+06
1.182351000000000000e+06
1.182352000000000000e+06
1.182353000000000000e+06
1.182354000000000000e+06
1.182355000000000000e+06
1.182356000000000000e+06
1.182357000000000000e+06
1.182358000000000000e+06
1.182359000000000000e+06
1.182360000000000000e+06
1.182361000000000000e+06
1.182362000000000000e+06
1.182363000000000000e+06
1.182364000000000000e+06
1.182365000000000000e+06
1.182366000000000000e+06
1.182367000000000000e+06
1.182368000000000000e+06
1.182370000000000000e+06
1.182371000000000000e+06
1.182372000000000000e+06
1.182373000000000000e+06
1.182374000000000000e+06
1.182375000000000000e+06
1.182376000000000000e+06
1.182377000000000000e+06
1.182378000000000000e+06
1.182379000000000000e+06
1.182380000000000000e+06
1.182382000000000000e+06
1.182383000000000000e+06
1.182385000000000000e+06
1.183692000000000000e+06
1.183693000000000000e+06
1.183694000000000000e+06
1.183695000000000000e+06
1.183696000000000000e+06
1.183697000000000000e+06
1.183698000000000000e+06
1.183699000000000000e+06
1.183700000000000000e+06
1.183701000000000000e+06
1.183702000000000000e+06
1.183703000000000000e+06
1.183704000000000000e+06
1.183705000000000000e+06
1.183706000000000000e+06
1.183707000000000000e+06
1.183708000000000000e+06
1.183709000000000000e+06
1.183710000000000000e+06
1.183711000000000000e+06
1.183712000000000000e+06
1.183714000000000000e+06
1.183715000000000000e+06
1.183716000000000000e+06
1.183717000000000000e+06
1.183718000000000000e+06
1.183719000000000000e+06
1.183720000000000000e+06
1.183721000000000000e+06
1.183722000000000000e+06
1.183723000000000000e+06
1.183724000000000000e+06
1.183726000000000000e+06
1.183727000000000000e+06
1.183728000000000000e+06
1.183730000000000000e+06
1.183732000000000000e+06
1.183734000000000000e+06
1.183735000000000000e+06
1.183736000000000000e+06
1.185041000000000000e+06
1.185042000000000000e+06
1.185043000000000000e+06
1.185044000000000000e+06
1.185045000000000000e+06
1.185046000000000000e+06
1.185047000000000000e+06
1.185048000000000000e+06
1.185049000000000000e+06
1.185050000000000000e+06
1.185051000000000000e+06
1.185052000000000000e+06
1.185053000000000000e+06
1.185054000000000000e+06
1.185055000000000000e+06
1.185056000000000000e+06
1.185057000000000000e+06
1.185058000000000000e+06
1.185059000000000000e+06
1.185060000000000000e+06
1.185061000000000000e+06
1.185062000000000000e+06
1.185063000000000000e+06
1.185064000000000000e+06
1.185065000000000000e+06
1.185066000000000000e+06
1.185067000000000000e+06
1.185068000000000000e+06
1.185069000000000000e+06
1.185070000000000000e+06
1.185071000000000000e+06
1.185072000000000000e+06
1.185073000000000000e+06
1.185074000000000000e+06
1.185075000000000000e+06
1.185076000000000000e+06
1.185077000000000000e+06
1.185078000000000000e+06
1.185079000000000000e+06
1.185081000000000000e+06
1.185083000000000000e+06
1.185084000000000000e+06
1.186396000000000000e+06
1.186397000000000000e+06
1.186398000000000000e+06
1.186399000000000000e+06
1.186400000000000000e+06
1.186401000000000000e+06
1.186402000000000000e+06
1.186403000000000000e+06
1.186404000000000000e+06
1.186405000000000000e+06
1.186406000000000000e+06
1.186407000000000000e+06
1.186408000000000000e+06
1.186409000000000000e+06
1.186410000000000000e+06
1.186411000000000000e+06
1.186412000000000000e+06
1.186413000000000000e+06
1.186414000000000000e+06
1.186415000000000000e+06
1.186416000000000000e+06
1.186417000000000000e+06
1.186418000000000000e+06
1.186419000000000000e+06
1.186420000000000000e+06
1.186421000000000000e+06
1.186422000000000000e+06
1.186423000000000000e+06
1.186424000000000000e+06
1.186425000000000000e+06
1.186426000000000000e+06
1.186427000000000000e+06
1.186428000000000000e+06
1.186429000000000000e+06
1.186430000000000000e+06
1.186431000000000000e+06
1.186433000000000000e+06
1.186434000000000000e+06
1.187762000000000000e+06
1.187763000000000000e+06
1.187764000000000000e+06
1.187765000000000000e+06
1.187766000000000000e+06
1.187767000000000000e+06
1.187768000000000000e+06
1.187769000000000000e+06
1.187770000000000000e+06
1.187771000000000000e+06
1.187772000000000000e+06
1.187773000000000000e+06
1.187774000000000000e+06
1.187775000000000000e+06
1.187776000000000000e+06
1.187777000000000000e+06
1.187778000000000000e+06
1.187779000000000000e+06
1.187780000000000000e+06
1.187781000000000000e+06
1.187782000000000000e+06
1.187783000000000000e+06
1.187784000000000000e+06
1.187785000000000000e+06
1.187786000000000000e+06
1.187787000000000000e+06
1.187788000000000000e+06
1.189135000000000000e+06
1.189136000000000000e+06
1.189137000000000000e+06
1.189138000000000000e+06
1.189139000000000000e+06
1.189140000000000000e+06
1.189141000000000000e+06
1.189142000000000000e+06
1.189143000000000000e+06
1.189144000000000000e+06
1.189145000000000000e+06
1.189146000000000000e+06
1.189147000000000000e+06
1.189148000000000000e+06
1.190505000000000000e+06
1.190506000000000000e+06
1.190507000000000000e+06
1.190508000000000000e+06
1.190509000000000000e+06
1.190510000000000000e+06
1.190511000000000000e+06
1.190512000000000000e+06
1.190513000000000000e+06
1.190514000000000000e+06
1.190515000000000000e+06
1.190516000000000000e+06
1.190517000000000000e+06
1.191872000000000000e+06
1.191873000000000000e+06
1.191874000000000000e+06
1.191875000000000000e+06
1.191876000000000000e+06
1.191877000000000000e+06
1.191878000000000000e+06
1.191879000000000000e+06
1.191880000000000000e+06
1.191881000000000000e+06
1.191882000000000000e+06
1.191883000000000000e+06
1.193235000000000000e+06
1.193236000000000000e+06
1.193237000000000000e+06
1.193238000000000000e+06
1.193239000000000000e+06
1.193240000000000000e+06
1.193241000000000000e+06
1.193242000000000000e+06
1.193243000000000000e+06
1.193244000000000000e+06
1.193245000000000000e+06
1.193246000000000000e+06
1.194589000000000000e+06
1.194590000000000000e+06
1.194591000000000000e+06
1.194592000000000000e+06
1.194593000000000000e+06
1.194594000000000000e+06
1.194595000000000000e+06
1.194596000000000000e+06
1.194597000000000000e+06
1.194598000000000000e+06
1.194599000000000000e+06
1.194600000000000000e+06
1.195944000000000000e+06
1.195945000000000000e+06
1.195946000000000000e+06
1.195947000000000000e+06
1.195948000000000000e+06
1.195949000000000000e+06
1.195950000000000000e+06
1.195951000000000000e+06
1.195952000000000000e+06
1.195953000000000000e+06
1.195954000000000000e+06
1.195955000000000000e+06
1.197286000000000000e+06
1.197287000000000000e+06
1.197288000000000000e+06
1.197289000000000000e+06
1.197290000000000000e+06
1.197291000000000000e+06
1.197292000000000000e+06
1.197293000000000000e+06
1.197294000000000000e+06
1.197295000000000000e+06
1.197296000000000000e+06
1.198625000000000000e+06
1.198626000000000000e+06
1.198627000000000000e+06
1.198628000000000000e+06
1.198629000000000000e+06
1.198630000000000000e+06
1.198631000000000000e+06
1.198632000000000000e+06
1.198633000000000000e+06
1.198634000000000000e+06
1.198635000000000000e+06
1.199968000000000000e+06
1.199969000000000000e+06
1.199970000000000000e+06
1.199971000000000000e+06
1.199972000000000000e+06
1.199973000000000000e+06
1.199974000000000000e+06
1.199975000000000000e+06
1.199976000000000000e+06
1.199977000000000000e+06
1.199978000000000000e+06
1.201302000000000000e+06
1.201303000000000000e+06
1.201304000000000000e+06
1.201305000000000000e+06
1.201306000000000000e+06
1.201307000000000000e+06
1.201308000000000000e+06
1.201309000000000000e+06
1.201310000000000000e+06
1.201312000000000000e+06
1.202632000000000000e+06
1.202633000000000000e+06
1.202634000000000000e+06
1.202635000000000000e+06
1.202636000000000000e+06
1.202637000000000000e+06
1.202638000000000000e+06
1.202639000000000000e+06
1.202640000000000000e+06
1.203954000000000000e+06
1.203955000000000000e+06
1.203956000000000000e+06
1.203957000000000000e+06
1.203958000000000000e+06
1.203959000000000000e+06
1.203960000000000000e+06
1.205268000000000000e+06
1.205269000000000000e+06
1.205270000000000000e+06
1.205271000000000000e+06
1.205272000000000000e+06
1.205273000000000000e+06
1.205277000000000000e+06
1.206582000000000000e+06
1.206583000000000000e+06
1.206584000000000000e+06
1.206585000000000000e+06
1.206586000000000000e+06
1.206588000000000000e+06
1.206589000000000000e+06
1.207895000000000000e+06
1.207896000000000000e+06
1.207897000000000000e+06
1.207898000000000000e+06
1.209208000000000000e+06
1.209210000000000000e+06
1.210523000000000000e+06
