1.291365000000000000e+06
1.291366000000000000e+06
1.291367000000000000e+06
1.292645000000000000e+06
1.292646000000000000e+06
1.292647000000000000e+06
1.292648000000000000e+06
1.293928000000000000e+06
1.293930000000000000e+06
1.293931000000000000e+06
1.293932000000000000e+06
1.293933000000000000e+06
1.293934000000000000e+06
1.293935000000000000e+06
1.295210000000000000e+06
1.295211000000000000e+06
1.295212000000000000e+06
1.295213000000000000e+06
1.295214000000000000e+06
1.295215000000000000e+06
1.295216000000000000e+06
1.295217000000000000e+06
1.295218000000000000e+06
1.295219000000000000e+06
1.295220000000000000e+06
1.295221000000000000e+06
1.295222000000000000e+06
1.295223000000000000e+06
1.296490000000000000e+06
1.296491000000000000e+06
1.296492000000000000e+06
1.296493000000000000e+06
1.296494000000000000e+06
1.296495000000000000e+06
1.296496000000000000e+06
1.296497000000000000e+06
1.296498000000000000e+06
1.296499000000000000e+06
1.296500000000000000e+06
1.296501000000000000e+06
1.296502000000000000e+06
1.296503000000000000e+06
1.296504000000000000e+06
1.296505000000000000e+06
1.296506000000000000e+06
1.296507000000000000e+06
1.296508000000000000e+06
1.296509000000000000e+06
1.296510000000000000e+06
1.297775000000000000e+06
1.297776000000000000e+06
1.297777000000000000e+06
1.297778000000000000e+06
1.297779000000000000e+06
1.297780000000000000e+06
1.297781000000000000e+06
1.297782000000000000e+06
1.297783000000000000e+06
1.297784000000000000e+06
1.297785000000000000e+06
1.297786000000000000e+06
1.297787000000000000e+06
1.297788000000000000e+06
1.297789000000000000e+06
1.297790000000000000e+06
1.297791000000000000e+06
1.297792000000000000e+06
1.297793000000000000e+06
1.297794000000000000e+06
1.297795000000000000e+06
1.297796000000000000e+06
1.299062000000000000e+06
1.299063000000000000e+06
1.299064000000000000e+06
1.299065000000000000e+06
1.299066000000000000e+06
1.299067000000000000e+06
1.299068000000000000e+06
1.299069000000000000e+06
1.299070000000000000e+06
1.299071000000000000e+06
1.299072000000000000e+06
1.299073000000000000e+06
1.299074000000000000e+06
1.299075000000000000e+06
1.299076000000000000e+06
1.299077000000000000e+06
1.299078000000000000e+06
1.299079000000000000e+06
1.299080000000000000e+06
1.299081000000000000e+06
1.299082000000000000e+06
1.299083000000000000e+06
1.299084000000000000e+06
1.299085000000000000e+06
1.299086000000000000e+06
1.300352000000000000e+06
1.300353000000000000e+06
1.300354000000000000e+06
1.300355000000000000e+06
1.300356000000000000e+06
1.300357000000000000e+06
1.300358000000000000e+06
1.300359000000000000e+06
1.300360000000000000e+06
1.300361000000000000e+06
1.300362000000000000e+06
1.300363000000000000e+06
1.300364000000000000e+06
1.300365000000000000e+06
1.300366000000000000e+06
1.300367000000000000e+06
1.300368000000000000e+06
1.300369000000000000e+06
1.300370000000000000e+06
1.300371000000000000e+06
1.300372000000000000e+06
1.300373000000000000e+06
1.300374000000000000e+06
1.300375000000000000e+06
1.300376000000000000e+06
1.300377000000000000e+06
1.301644000000000000e+06
1.301645000000000000e+06
1.301646000000000000e+06
1.301647000000000000e+06
1.301648000000000000e+06
1.301649000000000000e+06
1.301650000000000000e+06
1.301651000000000000e+06
1.301652000000000000e+06
1.301653000000000000e+06
1.301654000000000000e+06
1.301655000000000000e+06
1.301656000000000000e+06
1.301657000000000000e+06
1.301658000000000000e+06
1.301659000000000000e+06
1.301660000000000000e+06
1.301661000000000000e+06
1.301662000000000000e+06
1.301663000000000000e+06
1.301664000000000000e+06
1.301665000000000000e+06
1.301666000000000000e+06
1.301667000000000000e+06
1.301668000000000000e+06
1.301669000000000000e+06
1.302931000000000000e+06
1.302932000000000000e+06
1.302933000000000000e+06
1.302934000000000000e+06
1.302935000000000000e+06
1.302936000000000000e+06
1.302937000000000000e+06
1.302938000000000000e+06
1.302939000000000000e+06
1.302940000000000000e+06
1.302941000000000000e+06
1.302942000000000000e+06
1.302943000000000000e+06
1.302944000000000000e+06
1.302945000000000000e+06
1.302946000000000000e+06
1.302947000000000000e+06
1.302948000000000000e+06
1.302949000000000000e+06
1.302950000000000000e+06
1.302951000000000000e+06
1.302952000000000000e+06
1.302953000000000000e+06
1.302954000000000000e+06
1.302955000000000000e+06
1.302956000000000000e+06
1.302957000000000000e+06
1.302958000000000000e+06
1.302959000000000000e+06
1.304221000000000000e+06
1.304222000000000000e+06
1.304223000000000000e+06
1.304224000000000000e+06
1.304225000000000000e+06
1.304226000000000000e+06
1.304227000000000000e+06
1.304228000000000000e+06
1.304229000000000000e+06
1.304230000000000000e+06
1.304231000000000000e+06
1.304232000000000000e+06
1.304233000000000000e+06
1.304234000000000000e+06
1.304235000000000000e+06
1.304236000000000000e+06
1.304237000000000000e+06
1.304238000000000000e+06
1.304239000000000000e+06
1.304240000000000000e+06
1.304241000000000000e+06
1.304242000000000000e+06
1.304243000000000000e+06
1.304244000000000000e+06
1.304245000000000000e+06
1.304246000000000000e+06
1.304247000000000000e+06
1.304248000000000000e+06
1.304249000000000000e+06
1.304250000000000000e+06
1.305511000000000000e+06
1.305512000000000000e+06
1.305513000000000000e+06
1.305514000000000000e+06
1.305515000000000000e+06
1.305516000000000000e+06
1.305517000000000000e+06
1.305518000000000000e+06
1.305519000000000000e+06
1.305520000000000000e+06
1.305521000000000000e+06
1.305522000000000000e+06
1.305523000000000000e+06
1.305524000000000000e+06
1.305525000000000000e+06
1.305526000000000000e+06
1.305527000000000000e+06
1.305528000000000000e+06
1.305529000000000000e+06
1.305530000000000000e+06
1.305531000000000000e+06
1.305532000000000000e+06
1.305533000000000000e+06
1.305534000000000000e+06
1.305535000000000000e+06
1.305536000000000000e+06
1.305537000000000000e+06
1.305538000000000000e+06
1.305539000000000000e+06
1.305540000000000000e+06
1.305541000000000000e+06
1.305542000000000000e+06
1.305543000000000000e+06
1.306800000000000000e+06
1.306804000000000000e+06
1.306805000000000000e+06
1.306806000000000000e+06
1.306807000000000000e+06
1.306808000000000000e+06
1.306809000000000000e+06
1.306810000000000000e+06
1.306811000000000000e+06
1.306812000000000000e+06
1.306813000000000000e+06
1.306814000000000000e+06
1.306815000000000000e+06
1.306816000000000000e+06
1.306817000000000000e+06
1.306818000000000000e+06
1.306819000000000000e+06
1.306820000000000000e+06
1.306821000000000000e+06
1.306822000000000000e+06
1.306823000000000000e+06
1.306824000000000000e+06
1.306825000000000000e+06
1.306826000000000000e+06
1.306827000000000000e+06
1.306828000000000000e+06
1.306829000000000000e+06
1.306830000000000000e+06
1.306831000000000000e+06
1.306832000000000000e+06
1.306833000000000000e+06
1.306834000000000000e+06
1.306835000000000000e+06
1.306836000000000000e+06
1.306837000000000000e+06
1.308095000000000000e+06
1.308096000000000000e+06
1.308097000000000000e+06
1.308098000000000000e+06
1.308099000000000000e+06
1.308100000000000000e+06
1.308101000000000000e+06
1.308102000000000000e+06
1.308103000000000000e+06
1.308104000000000000e+06
1.308105000000000000e+06
1.308106000000000000e+06
1.308107000000000000e+06
1.308108000000000000e+06
1.308109000000000000e+06
1.308110000000000000e+06
1.308111000000000000e+06
1.308112000000000000e+06
1.308113000000000000e+06
1.308114000000000000e+06
1.308115000000000000e+06
1.308116000000000000e+06
1.308117000000000000e+06
1.308118000000000000e+06
1.308119000000000000e+06
1.308120000000000000e+06
1.308121000000000000e+06
1.308122000000000000e+06
1.308123000000000000e+06
1.308124000000000000e+06
1.308125000000000000e+06
1.308126000000000000e+06
1.308127000000000000e+06
1.308128000000000000e+06
1.308129000000000000e+06
1.308130000000000000e+06
1.308131000000000000e+06
1.308132000000000000e+06
1.308133000000000000e+06
1.308134000000000000e+06
1.309392000000000000e+06
1.309393000000000000e+06
1.309394000000000000e+06
1.309395000000000000e+06
1.309396000000000000e+06
1.309397000000000000e+06
1.309398000000000000e+06
1.309399000000000000e+06
1.309400000000000000e+06
1.309401000000000000e+06
1.309402000000000000e+06
1.309403000000000000e+06
1.309404000000000000e+06
1.309405000000000000e+06
1.309406000000000000e+06
1.309407000000000000e+06
1.309408000000000000e+06
1.309409000000000000e+06
1.309410000000000000e+06
1.309411000000000000e+06
1.309412000000000000e+06
1.309413000000000000e+06
1.309414000000000000e+06
1.309415000000000000e+06
1.309416000000000000e+06
1.309417000000000000e+06
1.309418000000000000e+06
1.309419000000000000e+06
1.309420000000000000e+06
1.309421000000000000e+06
1.309422000000000000e+06
1.309423000000000000e+06
1.309424000000000000e+06
1.309425000000000000e+06
1.309426000000000000e+06
1.309427000000000000e+06
1.309428000000000000e+06
1.309429000000000000e+06
1.309430000000000000e+06
1.309431000000000000e+06
1.309432000000000000e+06
1.310690000000000000e+06
1.310691000000000000e+06
1.310692000000000000e+06
1.310693000000000000e+06
1.310694000000000000e+06
1.310695000000000000e+06
1.310696000000000000e+06
1.310697000000000000e+06
1.310698000000000000e+06
1.310699000000000000e+06
1.310700000000000000e+06
1.310701000000000000e+06
1.310702000000000000e+06
1.310703000000000000e+06
1.310704000000000000e+06
1.310705000000000000e+06
1.310706000000000000e+06
1.310707000000000000e+06
1.310708000000000000e+06
1.310709000000000000e+06
1.310710000000000000e+06
1.310711000000000000e+06
1.310712000000000000e+06
1.310713000000000000e+06
1.310714000000000000e+06
1.310715000000000000e+06
1.310716000000000000e+06
1.310717000000000000e+06
1.310718000000000000e+06
1.310719000000000000e+06
1.310720000000000000e+06
1.310721000000000000e+06
1.310722000000000000e+06
1.310723000000000000e+06
1.310724000000000000e+06
1.310725000000000000e+06
1.310726000000000000e+06
1.310727000000000000e+06
1.310728000000000000e+06
1.310729000000000000e+06
1.310730000000000000e+06
1.311991000000000000e+06
1.311992000000000000e+06
1.311993000000000000e+06
1.311994000000000000e+06
1.311995000000000000e+06
1.311996000000000000e+06
1.311997000000000000e+06
1.311998000000000000e+06
1.311999000000000000e+06
1.312000000000000000e+06
1.312001000000000000e+06
1.312002000000000000e+06
1.312003000000000000e+06
1.312004000000000000e+06
1.312005000000000000e+06
1.312006000000000000e+06
1.312007000000000000e+06
1.312008000000000000e+06
1.312009000000000000e+06
1.312010000000000000e+06
1.312011000000000000e+06
1.312012000000000000e+06
1.312013000000000000e+06
1.312014000000000000e+06
1.312015000000000000e+06
1.312016000000000000e+06
1.312017000000000000e+06
1.312018000000000000e+06
1.312019000000000000e+06
1.312020000000000000e+06
1.312021000000000000e+06
1.312022000000000000e+06
1.312023000000000000e+06
1.312024000000000000e+06
1.312025000000000000e+06
1.312026000000000000e+06
1.312027000000000000e+06
1.312028000000000000e+06
1.312029000000000000e+06
1.312030000000000000e+06
1.312031000000000000e+06
1.313294000000000000e+06
1.313295000000000000e+06
1.313296000000000000e+06
1.313297000000000000e+06
1.313298000000000000e+06
1.313299000000000000e+06
1.313300000000000000e+06
1.313301000000000000e+06
1.313302000000000000e+06
1.313303000000000000e+06
1.313304000000000000e+06
1.313305000000000000e+06
1.313306000000000000e+06
1.313307000000000000e+06
1.313308000000000000e+06
1.313309000000000000e+06
1.313310000000000000e+06
1.313311000000000000e+06
1.313312000000000000e+06
1.313313000000000000e+06
1.313314000000000000e+06
1.313315000000000000e+06
1.313316000000000000e+06
1.313317000000000000e+06
1.313318000000000000e+06
1.313319000000000000e+06
1.313320000000000000e+06
1.313321000000000000e+06
1.313322000000000000e+06
1.313323000000000000e+06
1.313324000000000000e+06
1.313325000000000000e+06
1.313326000000000000e+06
1.313327000000000000e+06
1.313328000000000000e+06
1.313329000000000000e+06
1.313330000000000000e+06
1.313331000000000000e+06
1.313332000000000000e+06
1.313333000000000000e+06
1.313334000000000000e+06
1.314605000000000000e+06
1.314606000000000000e+06
1.314607000000000000e+06
1.314608000000000000e+06
1.314609000000000000e+06
1.314610000000000000e+06
1.314611000000000000e+06
1.314612000000000000e+06
1.314613000000000000e+06
1.314614000000000000e+06
1.314615000000000000e+06
1.314616000000000000e+06
1.314617000000000000e+06
1.314618000000000000e+06
1.314619000000000000e+06
1.314620000000000000e+06
1.314621000000000000e+06
1.314622000000000000e+06
1.314623000000000000e+06
1.314624000000000000e+06
1.314625000000000000e+06
1.314626000000000000e+06
1.314627000000000000e+06
1.314628000000000000e+06
1.314629000000000000e+06
1.314630000000000000e+06
1.314631000000000000e+06
1.314632000000000000e+06
1.314633000000000000e+06
1.314634000000000000e+06
1.314635000000000000e+06
1.314636000000000000e+06
1.314637000000000000e+06
1.314638000000000000e+06
1.314639000000000000e+06
1.314640000000000000e+06
1.314641000000000000e+06
1.314642000000000000e+06
1.314643000000000000e+06
1.314644000000000000e+06
1.314645000000000000e+06
1.315926000000000000e+06
1.315927000000000000e+06
1.315928000000000000e+06
1.315929000000000000e+06
1.315930000000000000e+06
1.315931000000000000e+06
1.315932000000000000e+06
1.315933000000000000e+06
1.315934000000000000e+06
1.315935000000000000e+06
1.315936000000000000e+06
1.315937000000000000e+06
1.315938000000000000e+06
1.315939000000000000e+06
1.315940000000000000e+06
1.315941000000000000e+06
1.315942000000000000e+06
1.315943000000000000e+06
1.315944000000000000e+06
1.315945000000000000e+06
1.315946000000000000e+06
1.315947000000000000e+06
1.315948000000000000e+06
1.315949000000000000e+06
1.315950000000000000e+06
1.315951000000000000e+06
1.315952000000000000e+06
1.315953000000000000e+06
1.315954000000000000e+06
1.315955000000000000e+06
1.315956000000000000e+06
1.315957000000000000e+06
1.315958000000000000e+06
1.315959000000000000e+06
1.315960000000000000e+06
1.315961000000000000e+06
1.315962000000000000e+06
1.315963000000000000e+06
1.315964000000000000e+06
1.315965000000000000e+06
1.315966000000000000e+06
1.315967000000000000e+06
1.317247000000000000e+06
1.317248000000000000e+06
1.317249000000000000e+06
1.317250000000000000e+06
1.317251000000000000e+06
1.317252000000000000e+06
1.317253000000000000e+06
1.317254000000000000e+06
1.317255000000000000e+06
1.317256000000000000e+06
1.317257000000000000e+06
1.317258000000000000e+06
1.317259000000000000e+06
1.317260000000000000e+06
1.317261000000000000e+06
1.317262000000000000e+06
1.317263000000000000e+06
1.317264000000000000e+06
1.317265000000000000e+06
1.317266000000000000e+06
1.317267000000000000e+06
1.317268000000000000e+06
1.317269000000000000e+06
1.317270000000000000e+06
1.317271000000000000e+06
1.317272000000000000e+06
1.317273000000000000e+06
1.317274000000000000e+06
1.317275000000000000e+06
1.317276000000000000e+06
1.317277000000000000e+06
1.317278000000000000e+06
1.317279000000000000e+06
1.317280000000000000e+06
1.317281000000000000e+06
1.317282000000000000e+06
1.317283000000000000e+06
1.317284000000000000e+06
1.317285000000000000e+06
1.317286000000000000e+06
1.317287000000000000e+06
1.317288000000000000e+06
1.318567000000000000e+06
1.318568000000000000e+06
1.318569000000000000e+06
1.318570000000000000e+06
1.318571000000000000e+06
1.318572000000000000e+06
1.318573000000000000e+06
1.318574000000000000e+06
1.318575000000000000e+06
1.318576000000000000e+06
1.318577000000000000e+06
1.318578000000000000e+06
1.318579000000000000e+06
1.318580000000000000e+06
1.318581000000000000e+06
1.318582000000000000e+06
1.318583000000000000e+06
1.318584000000000000e+06
1.318585000000000000e+06
1.318586000000000000e+06
1.318587000000000000e+06
1.318588000000000000e+06
1.318589000000000000e+06
1.318590000000000000e+06
1.318591000000000000e+06
1.318592000000000000e+06
1.318593000000000000e+06
1.318594000000000000e+06
1.318595000000000000e+06
1.318596000000000000e+06
1.318597000000000000e+06
1.318598000000000000e+06
1.318599000000000000e+06
1.318600000000000000e+06
1.318601000000000000e+06
1.318602000000000000e+06
1.318603000000000000e+06
1.318604000000000000e+06
1.318605000000000000e+06
1.318606000000000000e+06
1.318607000000000000e+06
1.318608000000000000e+06
1.318609000000000000e+06
1.319887000000000000e+06
1.319888000000000000e+06
1.319889000000000000e+06
1.319890000000000000e+06
1.319891000000000000e+06
1.319892000000000000e+06
1.319893000000000000e+06
1.319894000000000000e+06
1.319895000000000000e+06
1.319896000000000000e+06
1.319897000000000000e+06
1.319898000000000000e+06
1.319899000000000000e+06
1.319900000000000000e+06
1.319901000000000000e+06
1.319902000000000000e+06
1.319903000000000000e+06
1.319904000000000000e+06
1.319905000000000000e+06
1.319906000000000000e+06
1.319907000000000000e+06
1.319908000000000000e+06
1.319909000000000000e+06
1.319910000000000000e+06
1.319911000000000000e+06
1.319912000000000000e+06
1.319913000000000000e+06
1.319914000000000000e+06
1.319915000000000000e+06
1.319916000000000000e+06
1.319917000000000000e+06
1.319918000000000000e+06
1.319919000000000000e+06
1.319920000000000000e+06
1.319921000000000000e+06
1.319922000000000000e+06
1.319923000000000000e+06
1.319924000000000000e+06
1.319925000000000000e+06
1.319926000000000000e+06
1.319927000000000000e+06
1.319928000000000000e+06
1.319929000000000000e+06
1.321197000000000000e+06
1.321204000000000000e+06
1.321205000000000000e+06
1.321206000000000000e+06
1.321207000000000000e+06
1.321208000000000000e+06
1.321209000000000000e+06
1.321210000000000000e+06
1.321211000000000000e+06
1.321212000000000000e+06
1.321213000000000000e+06
1.321214000000000000e+06
1.321215000000000000e+06
1.321216000000000000e+06
1.321217000000000000e+06
1.321218000000000000e+06
1.321219000000000000e+06
1.321220000000000000e+06
1.321221000000000000e+06
1.321222000000000000e+06
1.321223000000000000e+06
1.321224000000000000e+06
1.321225000000000000e+06
1.321226000000000000e+06
1.321227000000000000e+06
1.321228000000000000e+06
1.321229000000000000e+06
1.321230000000000000e+06
1.321231000000000000e+06
1.321232000000000000e+06
1.321233000000000000e+06
1.321234000000000000e+06
1.321235000000000000e+06
1.321236000000000000e+06
1.321237000000000000e+06
1.321238000000000000e+06
1.321239000000000000e+06
1.321240000000000000e+06
1.321241000000000000e+06
1.321242000000000000e+06
1.321243000000000000e+06
1.321244000000000000e+06
1.321245000000000000e+06
1.321246000000000000e+06
1.321247000000000000e+06
1.322509000000000000e+06
1.322510000000000000e+06
1.322511000000000000e+06
1.322516000000000000e+06
1.322517000000000000e+06
1.322518000000000000e+06
1.322519000000000000e+06
1.322520000000000000e+06
1.322521000000000000e+06
1.322522000000000000e+06
1.322523000000000000e+06
1.322524000000000000e+06
1.322525000000000000e+06
1.322526000000000000e+06
1.322527000000000000e+06
1.322528000000000000e+06
1.322529000000000000e+06
1.322530000000000000e+06
1.322531000000000000e+06
1.322532000000000000e+06
1.322533000000000000e+06
1.322534000000000000e+06
1.322535000000000000e+06
1.322536000000000000e+06
1.322537000000000000e+06
1.322538000000000000e+06
1.322539000000000000e+06
1.322540000000000000e+06
1.322541000000000000e+06
1.322542000000000000e+06
1.322543000000000000e+06
1.322544000000000000e+06
1.322545000000000000e+06
1.322546000000000000e+06
1.322547000000000000e+06
1.322548000000000000e+06
1.322549000000000000e+06
1.322550000000000000e+06
1.322551000000000000e+06
1.322552000000000000e+06
1.322553000000000000e+06
1.322554000000000000e+06
1.322555000000000000e+06
1.322556000000000000e+06
1.322557000000000000e+06
1.322558000000000000e+06
1.322559000000000000e+06
1.322560000000000000e+06
1.323822000000000000e+06
1.323823000000000000e+06
1.323824000000000000e+06
1.323825000000000000e+06
1.323826000000000000e+06
1.323827000000000000e+06
1.323828000000000000e+06
1.323829000000000000e+06
1.323830000000000000e+06
1.323831000000000000e+06
1.323832000000000000e+06
1.323833000000000000e+06
1.323834000000000000e+06
1.323835000000000000e+06
1.323836000000000000e+06
1.323837000000000000e+06
1.323838000000000000e+06
1.323839000000000000e+06
1.323840000000000000e+06
1.323841000000000000e+06
1.323842000000000000e+06
1.323843000000000000e+06
1.323844000000000000e+06
1.323845000000000000e+06
1.323846000000000000e+06
1.323847000000000000e+06
1.323848000000000000e+06
1.323849000000000000e+06
1.323850000000000000e+06
1.323851000000000000e+06
1.323852000000000000e+06
1.323853000000000000e+06
1.323854000000000000e+06
1.323855000000000000e+06
1.323856000000000000e+06
1.323857000000000000e+06
1.323858000000000000e+06
1.323859000000000000e+06
1.323860000000000000e+06
1.323861000000000000e+06
1.323862000000000000e+06
1.323863000000000000e+06
1.323864000000000000e+06
1.323865000000000000e+06
1.323866000000000000e+06
1.323867000000000000e+06
1.323868000000000000e+06
1.323869000000000000e+06
1.323870000000000000e+06
1.323871000000000000e+06
1.323872000000000000e+06
1.323873000000000000e+06
1.323874000000000000e+06
1.323875000000000000e+06
1.325135000000000000e+06
1.325137000000000000e+06
1.325138000000000000e+06
1.325139000000000000e+06
1.325140000000000000e+06
1.325141000000000000e+06
1.325142000000000000e+06
1.325143000000000000e+06
1.325144000000000000e+06
1.325145000000000000e+06
1.325146000000000000e+06
1.325147000000000000e+06
1.325148000000000000e+06
1.325149000000000000e+06
1.325150000000000000e+06
1.325151000000000000e+06
1.325152000000000000e+06
1.325153000000000000e+06
1.325154000000000000e+06
1.325155000000000000e+06
1.325156000000000000e+06
1.325157000000000000e+06
1.325158000000000000e+06
1.325159000000000000e+06
1.325160000000000000e+06
1.325161000000000000e+06
1.325162000000000000e+06
1.325163000000000000e+06
1.325164000000000000e+06
1.325165000000000000e+06
1.325166000000000000e+06
1.325167000000000000e+06
1.325168000000000000e+06
1.325169000000000000e+06
1.325170000000000000e+06
1.325171000000000000e+06
1.325172000000000000e+06
1.325173000000000000e+06
1.325174000000000000e+06
1.325175000000000000e+06
1.325176000000000000e+06
1.325177000000000000e+06
1.325178000000000000e+06
1.325179000000000000e+06
1.325180000000000000e+06
1.325181000000000000e+06
1.325182000000000000e+06
1.325183000000000000e+06
1.325184000000000000e+06
1.325185000000000000e+06
1.325186000000000000e+06
1.325187000000000000e+06
1.325188000000000000e+06
1.325189000000000000e+06
1.325190000000000000e+06
1.325191000000000000e+06
1.325192000000000000e+06
1.325193000000000000e+06
1.326446000000000000e+06
1.326447000000000000e+06
1.326448000000000000e+06
1.326449000000000000e+06
1.326450000000000000e+06
1.326451000000000000e+06
1.326452000000000000e+06
1.326453000000000000e+06
1.326454000000000000e+06
1.326455000000000000e+06
1.326456000000000000e+06
1.326457000000000000e+06
1.326458000000000000e+06
1.326459000000000000e+06
1.326460000000000000e+06
1.326461000000000000e+06
1.326462000000000000e+06
1.326463000000000000e+06
1.326464000000000000e+06
1.326465000000000000e+06
1.326466000000000000e+06
1.326467000000000000e+06
1.326468000000000000e+06
1.326469000000000000e+06
1.326470000000000000e+06
1.326471000000000000e+06
1.326472000000000000e+06
1.326473000000000000e+06
1.326474000000000000e+06
1.326475000000000000e+06
1.326476000000000000e+06
1.326477000000000000e+06
1.326478000000000000e+06
1.326479000000000000e+06
1.326480000000000000e+06
1.326481000000000000e+06
1.326482000000000000e+06
1.326483000000000000e+06
1.326484000000000000e+06
1.326485000000000000e+06
1.326486000000000000e+06
1.326487000000000000e+06
1.326488000000000000e+06
1.326489000000000000e+06
1.326490000000000000e+06
1.326491000000000000e+06
1.326492000000000000e+06
1.326493000000000000e+06
1.326494000000000000e+06
1.326495000000000000e+06
1.326496000000000000e+06
1.326497000000000000e+06
1.326498000000000000e+06
1.326499000000000000e+06
1.326500000000000000e+06
1.326501000000000000e+06
1.326502000000000000e+06
1.326503000000000000e+06
1.326504000000000000e+06
1.326505000000000000e+06
1.327757000000000000e+06
1.327758000000000000e+06
1.327759000000000000e+06
1.327760000000000000e+06
1.327761000000000000e+06
1.327762000000000000e+06
1.327763000000000000e+06
1.327764000000000000e+06
1.327765000000000000e+06
1.327766000000000000e+06
1.327767000000000000e+06
1.327768000000000000e+06
1.327769000000000000e+06
1.327770000000000000e+06
1.327771000000000000e+06
1.327772000000000000e+06
1.327773000000000000e+06
1.327774000000000000e+06
1.327775000000000000e+06
1.327776000000000000e+06
1.327777000000000000e+06
1.327778000000000000e+06
1.327779000000000000e+06
1.327780000000000000e+06
1.327781000000000000e+06
1.327782000000000000e+06
1.327783000000000000e+06
1.327784000000000000e+06
1.327785000000000000e+06
1.327786000000000000e+06
1.327787000000000000e+06
1.327788000000000000e+06
1.327789000000000000e+06
1.327790000000000000e+06
1.327791000000000000e+06
1.327792000000000000e+06
1.327793000000000000e+06
1.327794000000000000e+06
1.327795000000000000e+06
1.327796000000000000e+06
1.327797000000000000e+06
1.327798000000000000e+06
1.327799000000000000e+06
1.327800000000000000e+06
1.327801000000000000e+06
1.327802000000000000e+06
1.327803000000000000e+06
1.327804000000000000e+06
1.327805000000000000e+06
1.327806000000000000e+06
1.327807000000000000e+06
1.327808000000000000e+06
1.327809000000000000e+06
1.327810000000000000e+06
1.327811000000000000e+06
1.327812000000000000e+06
1.327813000000000000e+06
1.327814000000000000e+06
1.327815000000000000e+06
1.327816000000000000e+06
1.327817000000000000e+06
1.327818000000000000e+06
1.329068000000000000e+06
1.329069000000000000e+06
1.329070000000000000e+06
1.329071000000000000e+06
1.329072000000000000e+06
1.329073000000000000e+06
1.329074000000000000e+06
1.329075000000000000e+06
1.329076000000000000e+06
1.329077000000000000e+06
1.329078000000000000e+06
1.329079000000000000e+06
1.329080000000000000e+06
1.329081000000000000e+06
1.329082000000000000e+06
1.329083000000000000e+06
1.329084000000000000e+06
1.329085000000000000e+06
1.329086000000000000e+06
1.329087000000000000e+06
1.329088000000000000e+06
1.329089000000000000e+06
1.329090000000000000e+06
1.329091000000000000e+06
1.329092000000000000e+06
1.329093000000000000e+06
1.329094000000000000e+06
1.329095000000000000e+06
1.329096000000000000e+06
1.329097000000000000e+06
1.329098000000000000e+06
1.329099000000000000e+06
1.329100000000000000e+06
1.329101000000000000e+06
1.329102000000000000e+06
1.329103000000000000e+06
1.329104000000000000e+06
1.329105000000000000e+06
1.329106000000000000e+06
1.329107000000000000e+06
1.329108000000000000e+06
1.329109000000000000e+06
1.329110000000000000e+06
1.329111000000000000e+06
1.329112000000000000e+06
1.329113000000000000e+06
1.329114000000000000e+06
1.329115000000000000e+06
1.329116000000000000e+06
1.329117000000000000e+06
1.329118000000000000e+06
1.329119000000000000e+06
1.329120000000000000e+06
1.329121000000000000e+06
1.329122000000000000e+06
1.329123000000000000e+06
1.329124000000000000e+06
1.329125000000000000e+06
1.329126000000000000e+06
1.329127000000000000e+06
1.329128000000000000e+06
1.329129000000000000e+06
1.329130000000000000e+06
1.330383000000000000e+06
1.330384000000000000e+06
1.330385000000000000e+06
1.330386000000000000e+06
1.330387000000000000e+06
1.330388000000000000e+06
1.330389000000000000e+06
1.330390000000000000e+06
1.330391000000000000e+06
1.330392000000000000e+06
1.330393000000000000e+06
1.330394000000000000e+06
1.330395000000000000e+06
1.330396000000000000e+06
1.330397000000000000e+06
1.330398000000000000e+06
1.330399000000000000e+06
1.330400000000000000e+06
1.330401000000000000e+06
1.330402000000000000e+06
1.330403000000000000e+06
1.330404000000000000e+06
1.330405000000000000e+06
1.330406000000000000e+06
1.330407000000000000e+06
1.330408000000000000e+06
1.330409000000000000e+06
1.330410000000000000e+06
1.330411000000000000e+06
1.330412000000000000e+06
1.330413000000000000e+06
1.330414000000000000e+06
1.330415000000000000e+06
1.330416000000000000e+06
1.330417000000000000e+06
1.330418000000000000e+06
1.330419000000000000e+06
1.330420000000000000e+06
1.330421000000000000e+06
1.330422000000000000e+06
1.330423000000000000e+06
1.330424000000000000e+06
1.330425000000000000e+06
1.330426000000000000e+06
1.330427000000000000e+06
1.330428000000000000e+06
1.330429000000000000e+06
1.330430000000000000e+06
1.330431000000000000e+06
1.330432000000000000e+06
1.330433000000000000e+06
1.330434000000000000e+06
1.330435000000000000e+06
1.330436000000000000e+06
1.330437000000000000e+06
1.330438000000000000e+06
1.330439000000000000e+06
1.330440000000000000e+06
1.330441000000000000e+06
1.330442000000000000e+06
1.330443000000000000e+06
1.330444000000000000e+06
1.330445000000000000e+06
1.330446000000000000e+06
1.331695000000000000e+06
1.331696000000000000e+06
1.331697000000000000e+06
1.331698000000000000e+06
1.331699000000000000e+06
1.331700000000000000e+06
1.331701000000000000e+06
1.331702000000000000e+06
1.331703000000000000e+06
1.331704000000000000e+06
1.331705000000000000e+06
1.331706000000000000e+06
1.331707000000000000e+06
1.331708000000000000e+06
1.331709000000000000e+06
1.331710000000000000e+06
1.331711000000000000e+06
1.331712000000000000e+06
1.331713000000000000e+06
1.331714000000000000e+06
1.331715000000000000e+06
1.331716000000000000e+06
1.331717000000000000e+06
1.331718000000000000e+06
1.331719000000000000e+06
1.331720000000000000e+06
1.331721000000000000e+06
1.331722000000000000e+06
1.331723000000000000e+06
1.331724000000000000e+06
1.331725000000000000e+06
1.331726000000000000e+06
1.331727000000000000e+06
1.331728000000000000e+06
1.331729000000000000e+06
1.331730000000000000e+06
1.331731000000000000e+06
1.331732000000000000e+06
1.331733000000000000e+06
1.331734000000000000e+06
1.331735000000000000e+06
1.331736000000000000e+06
1.331737000000000000e+06
1.331738000000000000e+06
1.331739000000000000e+06
1.331740000000000000e+06
1.331741000000000000e+06
1.331742000000000000e+06
1.331743000000000000e+06
1.331744000000000000e+06
1.331745000000000000e+06
1.331746000000000000e+06
1.331747000000000000e+06
1.331748000000000000e+06
1.331749000000000000e+06
1.331750000000000000e+06
1.331751000000000000e+06
1.331752000000000000e+06
1.331753000000000000e+06
1.331754000000000000e+06
1.331755000000000000e+06
1.331756000000000000e+06
1.331757000000000000e+06
1.331758000000000000e+06
1.331759000000000000e+06
1.333013000000000000e+06
1.333014000000000000e+06
1.333015000000000000e+06
1.333016000000000000e+06
1.333017000000000000e+06
1.333018000000000000e+06
1.333019000000000000e+06
1.333020000000000000e+06
1.333021000000000000e+06
1.333022000000000000e+06
1.333023000000000000e+06
1.333024000000000000e+06
1.333025000000000000e+06
1.333026000000000000e+06
1.333027000000000000e+06
1.333028000000000000e+06
1.333029000000000000e+06
1.333030000000000000e+06
1.333031000000000000e+06
1.333032000000000000e+06
1.333033000000000000e+06
1.333034000000000000e+06
1.333035000000000000e+06
1.333036000000000000e+06
1.333037000000000000e+06
1.333038000000000000e+06
1.333039000000000000e+06
1.333040000000000000e+06
1.333041000000000000e+06
1.333042000000000000e+06
1.333043000000000000e+06
1.333044000000000000e+06
1.333045000000000000e+06
1.333046000000000000e+06
1.333047000000000000e+06
1.333048000000000000e+06
1.333049000000000000e+06
1.333050000000000000e+06
1.333051000000000000e+06
1.333052000000000000e+06
1.333053000000000000e+06
1.333054000000000000e+06
1.333055000000000000e+06
1.333056000000000000e+06
1.333057000000000000e+06
1.333058000000000000e+06
1.333059000000000000e+06
1.333060000000000000e+06
1.333061000000000000e+06
1.333062000000000000e+06
1.333063000000000000e+06
1.333064000000000000e+06
1.333065000000000000e+06
1.333066000000000000e+06
1.333067000000000000e+06
1.333068000000000000e+06
1.333069000000000000e+06
1.333070000000000000e+06
1.333071000000000000e+06
1.333072000000000000e+06
1.333073000000000000e+06
1.333074000000000000e+06
1.333075000000000000e+06
1.334331000000000000e+06
1.334332000000000000e+06
1.334333000000000000e+06
1.334334000000000000e+06
1.334335000000000000e+06
1.334336000000000000e+06
1.334337000000000000e+06
1.334338000000000000e+06
1.334339000000000000e+06
1.334340000000000000e+06
1.334341000000000000e+06
1.334342000000000000e+06
1.334343000000000000e+06
1.334344000000000000e+06
1.334345000000000000e+06
1.334346000000000000e+06
1.334347000000000000e+06
1.334348000000000000e+06
1.334349000000000000e+06
1.334350000000000000e+06
1.334351000000000000e+06
1.334352000000000000e+06
1.334353000000000000e+06
1.334354000000000000e+06
1.334355000000000000e+06
1.334356000000000000e+06
1.334357000000000000e+06
1.334358000000000000e+06
1.334359000000000000e+06
1.334360000000000000e+06
1.334361000000000000e+06
1.334362000000000000e+06
1.334363000000000000e+06
1.334364000000000000e+06
1.334365000000000000e+06
1.334366000000000000e+06
1.334367000000000000e+06
1.334368000000000000e+06
1.334369000000000000e+06
1.334370000000000000e+06
1.334371000000000000e+06
1.334372000000000000e+06
1.334373000000000000e+06
1.334374000000000000e+06
1.334375000000000000e+06
1.334376000000000000e+06
1.334377000000000000e+06
1.334378000000000000e+06
1.334379000000000000e+06
1.334380000000000000e+06
1.334381000000000000e+06
1.334382000000000000e+06
1.334383000000000000e+06
1.334384000000000000e+06
1.334385000000000000e+06
1.334386000000000000e+06
1.334387000000000000e+06
1.334388000000000000e+06
1.334389000000000000e+06
1.334390000000000000e+06
1.334391000000000000e+06
1.334392000000000000e+06
1.334393000000000000e+06
1.335645000000000000e+06
1.335646000000000000e+06
1.335647000000000000e+06
1.335648000000000000e+06
1.335649000000000000e+06
1.335650000000000000e+06
1.335651000000000000e+06
1.335652000000000000e+06
1.335653000000000000e+06
1.335654000000000000e+06
1.335655000000000000e+06
1.335656000000000000e+06
1.335657000000000000e+06
1.335658000000000000e+06
1.335659000000000000e+06
1.335660000000000000e+06
1.335661000000000000e+06
1.335662000000000000e+06
1.335663000000000000e+06
1.335664000000000000e+06
1.335665000000000000e+06
1.335666000000000000e+06
1.335667000000000000e+06
1.335668000000000000e+06
1.335669000000000000e+06
1.335670000000000000e+06
1.335671000000000000e+06
1.335672000000000000e+06
1.335673000000000000e+06
1.335674000000000000e+06
1.335675000000000000e+06
1.335676000000000000e+06
1.335677000000000000e+06
1.335678000000000000e+06
1.335679000000000000e+06
1.335680000000000000e+06
1.335681000000000000e+06
1.335682000000000000e+06
1.335683000000000000e+06
1.335684000000000000e+06
1.335685000000000000e+06
1.335686000000000000e+06
1.335687000000000000e+06
1.335688000000000000e+06
1.335689000000000000e+06
1.335690000000000000e+06
1.335691000000000000e+06
1.335692000000000000e+06
1.335693000000000000e+06
1.335694000000000000e+06
1.335695000000000000e+06
1.335696000000000000e+06
1.335697000000000000e+06
1.335698000000000000e+06
1.335699000000000000e+06
1.335700000000000000e+06
1.335701000000000000e+06
1.335702000000000000e+06
1.335703000000000000e+06
1.335704000000000000e+06
1.335705000000000000e+06
1.336958000000000000e+06
1.336959000000000000e+06
1.336960000000000000e+06
1.336961000000000000e+06
1.336962000000000000e+06
1.336963000000000000e+06
1.336964000000000000e+06
1.336965000000000000e+06
1.336966000000000000e+06
1.336967000000000000e+06
1.336968000000000000e+06
1.336969000000000000e+06
1.336970000000000000e+06
1.336971000000000000e+06
1.336972000000000000e+06
1.336973000000000000e+06
1.336974000000000000e+06
1.336975000000000000e+06
1.336976000000000000e+06
1.336977000000000000e+06
1.336978000000000000e+06
1.336979000000000000e+06
1.336980000000000000e+06
1.336981000000000000e+06
1.336982000000000000e+06
1.336983000000000000e+06
1.336984000000000000e+06
1.336985000000000000e+06
1.336986000000000000e+06
1.336987000000000000e+06
1.336988000000000000e+06
1.336989000000000000e+06
1.336990000000000000e+06
1.336991000000000000e+06
1.336992000000000000e+06
1.336993000000000000e+06
1.336994000000000000e+06
1.336995000000000000e+06
1.336996000000000000e+06
1.336997000000000000e+06
1.336998000000000000e+06
1.336999000000000000e+06
1.337000000000000000e+06
1.337001000000000000e+06
1.337002000000000000e+06
1.337003000000000000e+06
1.337004000000000000e+06
1.337005000000000000e+06
1.337006000000000000e+06
1.337007000000000000e+06
1.337008000000000000e+06
1.337009000000000000e+06
1.337010000000000000e+06
1.337011000000000000e+06
1.337012000000000000e+06
1.337013000000000000e+06
1.337014000000000000e+06
1.337015000000000000e+06
1.337016000000000000e+06
1.337017000000000000e+06
1.337018000000000000e+06
1.338266000000000000e+06
1.338267000000000000e+06
1.338268000000000000e+06
1.338269000000000000e+06
1.338270000000000000e+06
1.338271000000000000e+06
1.338272000000000000e+06
1.338273000000000000e+06
1.338274000000000000e+06
1.338275000000000000e+06
1.338276000000000000e+06
1.338277000000000000e+06
1.338278000000000000e+06
1.338279000000000000e+06
1.338280000000000000e+06
1.338281000000000000e+06
1.338282000000000000e+06
1.338283000000000000e+06
1.338284000000000000e+06
1.338285000000000000e+06
1.338286000000000000e+06
1.338287000000000000e+06
1.338288000000000000e+06
1.338289000000000000e+06
1.338290000000000000e+06
1.338291000000000000e+06
1.338292000000000000e+06
1.338293000000000000e+06
1.338294000000000000e+06
1.338295000000000000e+06
1.338296000000000000e+06
1.338297000000000000e+06
1.338298000000000000e+06
1.338299000000000000e+06
1.338300000000000000e+06
1.338301000000000000e+06
1.338302000000000000e+06
1.338303000000000000e+06
1.338304000000000000e+06
1.338305000000000000e+06
1.338306000000000000e+06
1.338307000000000000e+06
1.338308000000000000e+06
1.338309000000000000e+06
1.338310000000000000e+06
1.338311000000000000e+06
1.338312000000000000e+06
1.338313000000000000e+06
1.338314000000000000e+06
1.338315000000000000e+06
1.338316000000000000e+06
1.338317000000000000e+06
1.338318000000000000e+06
1.338319000000000000e+06
1.338320000000000000e+06
1.338321000000000000e+06
1.338322000000000000e+06
1.338323000000000000e+06
1.338324000000000000e+06
1.338325000000000000e+06
1.338326000000000000e+06
1.338327000000000000e+06
1.339579000000000000e+06
1.339580000000000000e+06
1.339581000000000000e+06
1.339582000000000000e+06
1.339583000000000000e+06
1.339584000000000000e+06
1.339585000000000000e+06
1.339586000000000000e+06
1.339587000000000000e+06
1.339588000000000000e+06
1.339589000000000000e+06
1.339590000000000000e+06
1.339591000000000000e+06
1.339592000000000000e+06
1.339593000000000000e+06
1.339594000000000000e+06
1.339595000000000000e+06
1.339596000000000000e+06
1.339597000000000000e+06
1.339598000000000000e+06
1.339599000000000000e+06
1.339600000000000000e+06
1.339601000000000000e+06
1.339602000000000000e+06
1.339603000000000000e+06
1.339604000000000000e+06
1.339605000000000000e+06
1.339606000000000000e+06
1.339607000000000000e+06
1.339608000000000000e+06
1.339609000000000000e+06
1.339610000000000000e+06
1.339611000000000000e+06
1.339612000000000000e+06
1.339613000000000000e+06
1.339614000000000000e+06
1.339615000000000000e+06
1.339616000000000000e+06
1.339617000000000000e+06
1.339618000000000000e+06
1.339619000000000000e+06
1.339620000000000000e+06
1.339621000000000000e+06
1.339622000000000000e+06
1.339623000000000000e+06
1.339624000000000000e+06
1.339625000000000000e+06
1.339626000000000000e+06
1.339627000000000000e+06
1.339628000000000000e+06
1.339629000000000000e+06
1.339630000000000000e+06
1.339631000000000000e+06
1.339632000000000000e+06
1.339633000000000000e+06
1.340899000000000000e+06
1.340900000000000000e+06
1.340901000000000000e+06
1.340902000000000000e+06
1.340903000000000000e+06
1.340904000000000000e+06
1.340905000000000000e+06
1.340906000000000000e+06
1.340907000000000000e+06
1.340908000000000000e+06
1.340909000000000000e+06
1.340910000000000000e+06
1.340911000000000000e+06
1.340912000000000000e+06
1.340913000000000000e+06
1.340914000000000000e+06
1.340915000000000000e+06
1.340916000000000000e+06
1.340917000000000000e+06
1.340918000000000000e+06
1.340919000000000000e+06
1.340920000000000000e+06
1.340921000000000000e+06
1.340922000000000000e+06
1.340923000000000000e+06
1.340924000000000000e+06
1.340925000000000000e+06
1.340926000000000000e+06
1.340927000000000000e+06
1.340928000000000000e+06
1.340929000000000000e+06
1.340930000000000000e+06
1.340931000000000000e+06
1.340932000000000000e+06
1.340933000000000000e+06
1.340934000000000000e+06
1.340935000000000000e+06
1.340936000000000000e+06
1.340937000000000000e+06
1.342224000000000000e+06
1.342225000000000000e+06
1.342226000000000000e+06
1.342227000000000000e+06
1.342228000000000000e+06
1.342229000000000000e+06
1.342231000000000000e+06
1.342232000000000000e+06
1.342233000000000000e+06
1.342234000000000000e+06
1.342235000000000000e+06
1.342236000000000000e+06
1.342237000000000000e+06
1.342238000000000000e+06
1.342239000000000000e+06
1.342240000000000000e+06
1.342241000000000000e+06
1.342242000000000000e+06
1.342243000000000000e+06
1.343535000000000000e+06
1.343536000000000000e+06
1.343537000000000000e+06
1.343538000000000000e+06
1.343539000000000000e+06
1.343540000000000000e+06
1.343541000000000000e+06
1.343542000000000000e+06
1.343543000000000000e+06
1.343544000000000000e+06
1.343545000000000000e+06
1.343546000000000000e+06
1.344836000000000000e+06
1.344837000000000000e+06
1.344838000000000000e+06
1.344839000000000000e+06
1.344840000000000000e+06
1.344841000000000000e+06
1.344842000000000000e+06
1.344843000000000000e+06
1.344844000000000000e+06
1.344845000000000000e+06
1.344846000000000000e+06
1.346110000000000000e+06
1.346111000000000000e+06
1.346112000000000000e+06
1.346113000000000000e+06
1.346114000000000000e+06
1.346115000000000000e+06
1.346116000000000000e+06
1.346117000000000000e+06
1.346118000000000000e+06
1.346119000000000000e+06
1.347382000000000000e+06
1.347385000000000000e+06
1.347386000000000000e+06
1.347387000000000000e+06
1.347388000000000000e+06
1.347389000000000000e+06
1.348655000000000000e+06
1.348656000000000000e+06
1.348657000000000000e+06
1.348658000000000000e+06
1.349925000000000000e+06
