1.194560000000000000e+06
1.194563000000000000e+06
1.194564000000000000e+06
1.195913000000000000e+06
1.195914000000000000e+06
1.195915000000000000e+06
1.195916000000000000e+06
1.195917000000000000e+06
1.195918000000000000e+06
1.195919000000000000e+06
1.195920000000000000e+06
1.197254000000000000e+06
1.197255000000000000e+06
1.197256000000000000e+06
1.197257000000000000e+06
1.197258000000000000e+06
1.197259000000000000e+06
1.197260000000000000e+06
1.197261000000000000e+06
1.197262000000000000e+06
1.198592000000000000e+06
1.198593000000000000e+06
1.198594000000000000e+06
1.198595000000000000e+06
1.198596000000000000e+06
1.198597000000000000e+06
1.198598000000000000e+06
1.198599000000000000e+06
1.198600000000000000e+06
1.198601000000000000e+06
1.199934000000000000e+06
1.199935000000000000e+06
1.199936000000000000e+06
1.199937000000000000e+06
1.199938000000000000e+06
1.199939000000000000e+06
1.199940000000000000e+06
1.199941000000000000e+06
1.199942000000000000e+06
1.199943000000000000e+06
1.199944000000000000e+06
1.199945000000000000e+06
1.201268000000000000e+06
1.201269000000000000e+06
1.201270000000000000e+06
1.201271000000000000e+06
1.201272000000000000e+06
1.201273000000000000e+06
1.201274000000000000e+06
1.201275000000000000e+06
1.201276000000000000e+06
1.201277000000000000e+06
1.201278000000000000e+06
1.201279000000000000e+06
1.202598000000000000e+06
1.202599000000000000e+06
1.202600000000000000e+06
1.202601000000000000e+06
1.202602000000000000e+06
1.202603000000000000e+06
1.202604000000000000e+06
1.202605000000000000e+06
1.202606000000000000e+06
1.202607000000000000e+06
1.202608000000000000e+06
1.202609000000000000e+06
1.202610000000000000e+06
1.203919000000000000e+06
1.203920000000000000e+06
1.203921000000000000e+06
1.203922000000000000e+06
1.203923000000000000e+06
1.203924000000000000e+06
1.203925000000000000e+06
1.203926000000000000e+06
1.203927000000000000e+06
1.203928000000000000e+06
1.203929000000000000e+06
1.203930000000000000e+06
1.203931000000000000e+06
1.203932000000000000e+06
1.205233000000000000e+06
1.205234000000000000e+06
1.205235000000000000e+06
1.205236000000000000e+06
1.205237000000000000e+06
1.205238000000000000e+06
1.205239000000000000e+06
1.205240000000000000e+06
1.205241000000000000e+06
1.205242000000000000e+06
1.205243000000000000e+06
1.205244000000000000e+06
1.205245000000000000e+06
1.205246000000000000e+06
1.205247000000000000e+06
1.206524000000000000e+06
1.206525000000000000e+06
1.206526000000000000e+06
1.206527000000000000e+06
1.206528000000000000e+06
1.206546000000000000e+06
1.206547000000000000e+06
1.206548000000000000e+06
1.206549000000000000e+06
1.206550000000000000e+06
1.206551000000000000e+06
1.206552000000000000e+06
1.206553000000000000e+06
1.206554000000000000e+06
1.206555000000000000e+06
1.206556000000000000e+06
1.206557000000000000e+06
1.206558000000000000e+06
1.206559000000000000e+06
1.206560000000000000e+06
1.206561000000000000e+06
1.207836000000000000e+06
1.207837000000000000e+06
1.207838000000000000e+06
1.207839000000000000e+06
1.207840000000000000e+06
1.207858000000000000e+06
1.207859000000000000e+06
1.207860000000000000e+06
1.207861000000000000e+06
1.207862000000000000e+06
1.207863000000000000e+06
1.207864000000000000e+06
1.207865000000000000e+06
1.207866000000000000e+06
1.207867000000000000e+06
1.207868000000000000e+06
1.207869000000000000e+06
1.207870000000000000e+06
1.207871000000000000e+06
1.207872000000000000e+06
1.207873000000000000e+06
1.207874000000000000e+06
1.207875000000000000e+06
1.209144000000000000e+06
1.209149000000000000e+06
1.209150000000000000e+06
1.209151000000000000e+06
1.209152000000000000e+06
1.209153000000000000e+06
1.209154000000000000e+06
1.209169000000000000e+06
1.209170000000000000e+06
1.209171000000000000e+06
1.209172000000000000e+06
1.209173000000000000e+06
1.209174000000000000e+06
1.209175000000000000e+06
1.209176000000000000e+06
1.209177000000000000e+06
1.209178000000000000e+06
1.209179000000000000e+06
1.209180000000000000e+06
1.209181000000000000e+06
1.209182000000000000e+06
1.209183000000000000e+06
1.209184000000000000e+06
1.209185000000000000e+06
1.209186000000000000e+06
1.209187000000000000e+06
1.210458000000000000e+06
1.210459000000000000e+06
1.210460000000000000e+06
1.210461000000000000e+06
1.210462000000000000e+06
1.210463000000000000e+06
1.210464000000000000e+06
1.210465000000000000e+06
1.210466000000000000e+06
1.210467000000000000e+06
1.210468000000000000e+06
1.210469000000000000e+06
1.210470000000000000e+06
1.210471000000000000e+06
1.210472000000000000e+06
1.210484000000000000e+06
1.210485000000000000e+06
1.210486000000000000e+06
1.210487000000000000e+06
1.210488000000000000e+06
1.210489000000000000e+06
1.210490000000000000e+06
1.210491000000000000e+06
1.210492000000000000e+06
1.210493000000000000e+06
1.210494000000000000e+06
1.210495000000000000e+06
1.210496000000000000e+06
1.210497000000000000e+06
1.210498000000000000e+06
1.210499000000000000e+06
1.210500000000000000e+06
1.210501000000000000e+06
1.210502000000000000e+06
1.211765000000000000e+06
1.211766000000000000e+06
1.211767000000000000e+06
1.211768000000000000e+06
1.211769000000000000e+06
1.211770000000000000e+06
1.211771000000000000e+06
1.211772000000000000e+06
1.211773000000000000e+06
1.211774000000000000e+06
1.211775000000000000e+06
1.211776000000000000e+06
1.211777000000000000e+06
1.211778000000000000e+06
1.211779000000000000e+06
1.211780000000000000e+06
1.211781000000000000e+06
1.211791000000000000e+06
1.211792000000000000e+06
1.211793000000000000e+06
1.211794000000000000e+06
1.211795000000000000e+06
1.211796000000000000e+06
1.211797000000000000e+06
1.211798000000000000e+06
1.211799000000000000e+06
1.211800000000000000e+06
1.211801000000000000e+06
1.211802000000000000e+06
1.211803000000000000e+06
1.211804000000000000e+06
1.211805000000000000e+06
1.211806000000000000e+06
1.211807000000000000e+06
1.211808000000000000e+06
1.211809000000000000e+06
1.211810000000000000e+06
1.211811000000000000e+06
1.213073000000000000e+06
1.213074000000000000e+06
1.213075000000000000e+06
1.213076000000000000e+06
1.213077000000000000e+06
1.213078000000000000e+06
1.213079000000000000e+06
1.213080000000000000e+06
1.213081000000000000e+06
1.213082000000000000e+06
1.213083000000000000e+06
1.213084000000000000e+06
1.213085000000000000e+06
1.213086000000000000e+06
1.213087000000000000e+06
1.213088000000000000e+06
1.213089000000000000e+06
1.213099000000000000e+06
1.213100000000000000e+06
1.213101000000000000e+06
1.213102000000000000e+06
1.213103000000000000e+06
1.213104000000000000e+06
1.213105000000000000e+06
1.213106000000000000e+06
1.213107000000000000e+06
1.213108000000000000e+06
1.213109000000000000e+06
1.213110000000000000e+06
1.213111000000000000e+06
1.213112000000000000e+06
1.213113000000000000e+06
1.213114000000000000e+06
1.213115000000000000e+06
1.213116000000000000e+06
1.213117000000000000e+06
1.213118000000000000e+06
1.213119000000000000e+06
1.214376000000000000e+06
1.214377000000000000e+06
1.214378000000000000e+06
1.214379000000000000e+06
1.214380000000000000e+06
1.214381000000000000e+06
1.214382000000000000e+06
1.214383000000000000e+06
1.214384000000000000e+06
1.214385000000000000e+06
1.214386000000000000e+06
1.214387000000000000e+06
1.214388000000000000e+06
1.214389000000000000e+06
1.214390000000000000e+06
1.214391000000000000e+06
1.214392000000000000e+06
1.214393000000000000e+06
1.214394000000000000e+06
1.214395000000000000e+06
1.214403000000000000e+06
1.214404000000000000e+06
1.214405000000000000e+06
1.214406000000000000e+06
1.214407000000000000e+06
1.214408000000000000e+06
1.214409000000000000e+06
1.214410000000000000e+06
1.214411000000000000e+06
1.214412000000000000e+06
1.214413000000000000e+06
1.214414000000000000e+06
1.214415000000000000e+06
1.214416000000000000e+06
1.214417000000000000e+06
1.214418000000000000e+06
1.214419000000000000e+06
1.214420000000000000e+06
1.214421000000000000e+06
1.214422000000000000e+06
1.214423000000000000e+06
1.214424000000000000e+06
1.214429000000000000e+06
1.214430000000000000e+06
1.215680000000000000e+06
1.215681000000000000e+06
1.215682000000000000e+06
1.215683000000000000e+06
1.215684000000000000e+06
1.215685000000000000e+06
1.215686000000000000e+06
1.215687000000000000e+06
1.215688000000000000e+06
1.215689000000000000e+06
1.215690000000000000e+06
1.215691000000000000e+06
1.215692000000000000e+06
1.215693000000000000e+06
1.215694000000000000e+06
1.215695000000000000e+06
1.215696000000000000e+06
1.215697000000000000e+06
1.215698000000000000e+06
1.215699000000000000e+06
1.215700000000000000e+06
1.215707000000000000e+06
1.215708000000000000e+06
1.215709000000000000e+06
1.215710000000000000e+06
1.215711000000000000e+06
1.215712000000000000e+06
1.215713000000000000e+06
1.215714000000000000e+06
1.215715000000000000e+06
1.215716000000000000e+06
1.215717000000000000e+06
1.215718000000000000e+06
1.215719000000000000e+06
1.215720000000000000e+06
1.215721000000000000e+06
1.215722000000000000e+06
1.215723000000000000e+06
1.215724000000000000e+06
1.215725000000000000e+06
1.215726000000000000e+06
1.215727000000000000e+06
1.215728000000000000e+06
1.215731000000000000e+06
1.215732000000000000e+06
1.215733000000000000e+06
1.215734000000000000e+06
1.216977000000000000e+06
1.216978000000000000e+06
1.216979000000000000e+06
1.216980000000000000e+06
1.216981000000000000e+06
1.216982000000000000e+06
1.216983000000000000e+06
1.216984000000000000e+06
1.216985000000000000e+06
1.216986000000000000e+06
1.216987000000000000e+06
1.216988000000000000e+06
1.216989000000000000e+06
1.216990000000000000e+06
1.216991000000000000e+06
1.216992000000000000e+06
1.216993000000000000e+06
1.216994000000000000e+06
1.216995000000000000e+06
1.216996000000000000e+06
1.216997000000000000e+06
1.216998000000000000e+06
1.216999000000000000e+06
1.217000000000000000e+06
1.217005000000000000e+06
1.217006000000000000e+06
1.217007000000000000e+06
1.217008000000000000e+06
1.217009000000000000e+06
1.217010000000000000e+06
1.217011000000000000e+06
1.217012000000000000e+06
1.217013000000000000e+06
1.217014000000000000e+06
1.217015000000000000e+06
1.217016000000000000e+06
1.217017000000000000e+06
1.217018000000000000e+06
1.217019000000000000e+06
1.217020000000000000e+06
1.217021000000000000e+06
1.217022000000000000e+06
1.217023000000000000e+06
1.217024000000000000e+06
1.217025000000000000e+06
1.217026000000000000e+06
1.217027000000000000e+06
1.217028000000000000e+06
1.217029000000000000e+06
1.217030000000000000e+06
1.217031000000000000e+06
1.217032000000000000e+06
1.218270000000000000e+06
1.218271000000000000e+06
1.218272000000000000e+06
1.218273000000000000e+06
1.218274000000000000e+06
1.218275000000000000e+06
1.218276000000000000e+06
1.218277000000000000e+06
1.218278000000000000e+06
1.218279000000000000e+06
1.218280000000000000e+06
1.218281000000000000e+06
1.218282000000000000e+06
1.218283000000000000e+06
1.218284000000000000e+06
1.218285000000000000e+06
1.218286000000000000e+06
1.218287000000000000e+06
1.218288000000000000e+06
1.218289000000000000e+06
1.218290000000000000e+06
1.218291000000000000e+06
1.218292000000000000e+06
1.218293000000000000e+06
1.218294000000000000e+06
1.218295000000000000e+06
1.218296000000000000e+06
1.218300000000000000e+06
1.218301000000000000e+06
1.218302000000000000e+06
1.218303000000000000e+06
1.218304000000000000e+06
1.218305000000000000e+06
1.218306000000000000e+06
1.218307000000000000e+06
1.218308000000000000e+06
1.218309000000000000e+06
1.218310000000000000e+06
1.218311000000000000e+06
1.218312000000000000e+06
1.218313000000000000e+06
1.218314000000000000e+06
1.218315000000000000e+06
1.218316000000000000e+06
1.218317000000000000e+06
1.218318000000000000e+06
1.218319000000000000e+06
1.218320000000000000e+06
1.218321000000000000e+06
1.218322000000000000e+06
1.218323000000000000e+06
1.218324000000000000e+06
1.218325000000000000e+06
1.218326000000000000e+06
1.219550000000000000e+06
1.219551000000000000e+06
1.219552000000000000e+06
1.219553000000000000e+06
1.219554000000000000e+06
1.219555000000000000e+06
1.219556000000000000e+06
1.219557000000000000e+06
1.219558000000000000e+06
1.219559000000000000e+06
1.219560000000000000e+06
1.219561000000000000e+06
1.219562000000000000e+06
1.219563000000000000e+06
1.219564000000000000e+06
1.219565000000000000e+06
1.219566000000000000e+06
1.219567000000000000e+06
1.219568000000000000e+06
1.219569000000000000e+06
1.219570000000000000e+06
1.219571000000000000e+06
1.219572000000000000e+06
1.219573000000000000e+06
1.219574000000000000e+06
1.219575000000000000e+06
1.219576000000000000e+06
1.219580000000000000e+06
1.219581000000000000e+06
1.219582000000000000e+06
1.219583000000000000e+06
1.219584000000000000e+06
1.219585000000000000e+06
1.219586000000000000e+06
1.219587000000000000e+06
1.219588000000000000e+06
1.219589000000000000e+06
1.219590000000000000e+06
1.219591000000000000e+06
1.219592000000000000e+06
1.219593000000000000e+06
1.219594000000000000e+06
1.219595000000000000e+06
1.219596000000000000e+06
1.219597000000000000e+06
1.219598000000000000e+06
1.219599000000000000e+06
1.219600000000000000e+06
1.219601000000000000e+06
1.219602000000000000e+06
1.219603000000000000e+06
1.219604000000000000e+06
1.219606000000000000e+06
1.220819000000000000e+06
1.220820000000000000e+06
1.220821000000000000e+06
1.220822000000000000e+06
1.220823000000000000e+06
1.220824000000000000e+06
1.220825000000000000e+06
1.220826000000000000e+06
1.220827000000000000e+06
1.220828000000000000e+06
1.220829000000000000e+06
1.220830000000000000e+06
1.220831000000000000e+06
1.220832000000000000e+06
1.220833000000000000e+06
1.220834000000000000e+06
1.220835000000000000e+06
1.220836000000000000e+06
1.220837000000000000e+06
1.220838000000000000e+06
1.220839000000000000e+06
1.220840000000000000e+06
1.220841000000000000e+06
1.220842000000000000e+06
1.220843000000000000e+06
1.220844000000000000e+06
1.220845000000000000e+06
1.220846000000000000e+06
1.220847000000000000e+06
1.220849000000000000e+06
1.220850000000000000e+06
1.220851000000000000e+06
1.220852000000000000e+06
1.220853000000000000e+06
1.220854000000000000e+06
1.220855000000000000e+06
1.220856000000000000e+06
1.220857000000000000e+06
1.220858000000000000e+06
1.220859000000000000e+06
1.220860000000000000e+06
1.220861000000000000e+06
1.220862000000000000e+06
1.220863000000000000e+06
1.220864000000000000e+06
1.220865000000000000e+06
1.220866000000000000e+06
1.220867000000000000e+06
1.220868000000000000e+06
1.220869000000000000e+06
1.220870000000000000e+06
1.220871000000000000e+06
1.220872000000000000e+06
1.220873000000000000e+06
1.220874000000000000e+06
1.220875000000000000e+06
1.222092000000000000e+06
1.222093000000000000e+06
1.222094000000000000e+06
1.222095000000000000e+06
1.222096000000000000e+06
1.222097000000000000e+06
1.222098000000000000e+06
1.222099000000000000e+06
1.222100000000000000e+06
1.222101000000000000e+06
1.222102000000000000e+06
1.222103000000000000e+06
1.222104000000000000e+06
1.222105000000000000e+06
1.222106000000000000e+06
1.222107000000000000e+06
1.222108000000000000e+06
1.222109000000000000e+06
1.222110000000000000e+06
1.222111000000000000e+06
1.222112000000000000e+06
1.222113000000000000e+06
1.222114000000000000e+06
1.222115000000000000e+06
1.222116000000000000e+06
1.222117000000000000e+06
1.222118000000000000e+06
1.222119000000000000e+06
1.222120000000000000e+06
1.222121000000000000e+06
1.222122000000000000e+06
1.222123000000000000e+06
1.222124000000000000e+06
1.222125000000000000e+06
1.222126000000000000e+06
1.222127000000000000e+06
1.222128000000000000e+06
1.222129000000000000e+06
1.222130000000000000e+06
1.222131000000000000e+06
1.222132000000000000e+06
1.222133000000000000e+06
1.222134000000000000e+06
1.222135000000000000e+06
1.222136000000000000e+06
1.222137000000000000e+06
1.222138000000000000e+06
1.222139000000000000e+06
1.222140000000000000e+06
1.222141000000000000e+06
1.222142000000000000e+06
1.222143000000000000e+06
1.222144000000000000e+06
1.222145000000000000e+06
1.223368000000000000e+06
1.223369000000000000e+06
1.223370000000000000e+06
1.223371000000000000e+06
1.223372000000000000e+06
1.223373000000000000e+06
1.223374000000000000e+06
1.223375000000000000e+06
1.223376000000000000e+06
1.223377000000000000e+06
1.223378000000000000e+06
1.223379000000000000e+06
1.223380000000000000e+06
1.223381000000000000e+06
1.223382000000000000e+06
1.223383000000000000e+06
1.223384000000000000e+06
1.223385000000000000e+06
1.223386000000000000e+06
1.223387000000000000e+06
1.223388000000000000e+06
1.223389000000000000e+06
1.223390000000000000e+06
1.223391000000000000e+06
1.223392000000000000e+06
1.223393000000000000e+06
1.223394000000000000e+06
1.223395000000000000e+06
1.223396000000000000e+06
1.223397000000000000e+06
1.223398000000000000e+06
1.223399000000000000e+06
1.223400000000000000e+06
1.223401000000000000e+06
1.223402000000000000e+06
1.223403000000000000e+06
1.223404000000000000e+06
1.223405000000000000e+06
1.223406000000000000e+06
1.223407000000000000e+06
1.223408000000000000e+06
1.223409000000000000e+06
1.223410000000000000e+06
1.223411000000000000e+06
1.223412000000000000e+06
1.223413000000000000e+06
1.223414000000000000e+06
1.223415000000000000e+06
1.223416000000000000e+06
1.223417000000000000e+06
1.223418000000000000e+06
1.223420000000000000e+06
1.223421000000000000e+06
1.224656000000000000e+06
1.224657000000000000e+06
1.224658000000000000e+06
1.224659000000000000e+06
1.224660000000000000e+06
1.224661000000000000e+06
1.224662000000000000e+06
1.224663000000000000e+06
1.224664000000000000e+06
1.224665000000000000e+06
1.224666000000000000e+06
1.224667000000000000e+06
1.224668000000000000e+06
1.224669000000000000e+06
1.224670000000000000e+06
1.224671000000000000e+06
1.224672000000000000e+06
1.224673000000000000e+06
1.224674000000000000e+06
1.224675000000000000e+06
1.224676000000000000e+06
1.224677000000000000e+06
1.224678000000000000e+06
1.224679000000000000e+06
1.224680000000000000e+06
1.224681000000000000e+06
1.224682000000000000e+06
1.224683000000000000e+06
1.224684000000000000e+06
1.224685000000000000e+06
1.224686000000000000e+06
1.224687000000000000e+06
1.224688000000000000e+06
1.224689000000000000e+06
1.224690000000000000e+06
1.224691000000000000e+06
1.224692000000000000e+06
1.224693000000000000e+06
1.224694000000000000e+06
1.224695000000000000e+06
1.224696000000000000e+06
1.224697000000000000e+06
1.224698000000000000e+06
1.224699000000000000e+06
1.224700000000000000e+06
1.224701000000000000e+06
1.224702000000000000e+06
1.224703000000000000e+06
1.224704000000000000e+06
1.224705000000000000e+06
1.224707000000000000e+06
1.225933000000000000e+06
1.225934000000000000e+06
1.225935000000000000e+06
1.225936000000000000e+06
1.225937000000000000e+06
1.225938000000000000e+06
1.225939000000000000e+06
1.225940000000000000e+06
1.225941000000000000e+06
1.225942000000000000e+06
1.225943000000000000e+06
1.225944000000000000e+06
1.225945000000000000e+06
1.225946000000000000e+06
1.225947000000000000e+06
1.225948000000000000e+06
1.225949000000000000e+06
1.225950000000000000e+06
1.225951000000000000e+06
1.225952000000000000e+06
1.225953000000000000e+06
1.225954000000000000e+06
1.225955000000000000e+06
1.225956000000000000e+06
1.225957000000000000e+06
1.225958000000000000e+06
1.225959000000000000e+06
1.225960000000000000e+06
1.225961000000000000e+06
1.225962000000000000e+06
1.225963000000000000e+06
1.225964000000000000e+06
1.225965000000000000e+06
1.225966000000000000e+06
1.225967000000000000e+06
1.225968000000000000e+06
1.225969000000000000e+06
1.225970000000000000e+06
1.225971000000000000e+06
1.225972000000000000e+06
1.225973000000000000e+06
1.225974000000000000e+06
1.225975000000000000e+06
1.225976000000000000e+06
1.225977000000000000e+06
1.225978000000000000e+06
1.225979000000000000e+06
1.225980000000000000e+06
1.225981000000000000e+06
1.225982000000000000e+06
1.227213000000000000e+06
1.227214000000000000e+06
1.227215000000000000e+06
1.227216000000000000e+06
1.227217000000000000e+06
1.227218000000000000e+06
1.227219000000000000e+06
1.227220000000000000e+06
1.227221000000000000e+06
1.227222000000000000e+06
1.227223000000000000e+06
1.227224000000000000e+06
1.227225000000000000e+06
1.227226000000000000e+06
1.227227000000000000e+06
1.227228000000000000e+06
1.227229000000000000e+06
1.227230000000000000e+06
1.227231000000000000e+06
1.227232000000000000e+06
1.227233000000000000e+06
1.227234000000000000e+06
1.227235000000000000e+06
1.227236000000000000e+06
1.227237000000000000e+06
1.227238000000000000e+06
1.227239000000000000e+06
1.227240000000000000e+06
1.227241000000000000e+06
1.227242000000000000e+06
1.227243000000000000e+06
1.227244000000000000e+06
1.227245000000000000e+06
1.227246000000000000e+06
1.227247000000000000e+06
1.227248000000000000e+06
1.227249000000000000e+06
1.227250000000000000e+06
1.227251000000000000e+06
1.227252000000000000e+06
1.227253000000000000e+06
1.227254000000000000e+06
1.227255000000000000e+06
1.227256000000000000e+06
1.227257000000000000e+06
1.227258000000000000e+06
1.227259000000000000e+06
1.227260000000000000e+06
1.227261000000000000e+06
1.228498000000000000e+06
1.228499000000000000e+06
1.228500000000000000e+06
1.228501000000000000e+06
1.228502000000000000e+06
1.228503000000000000e+06
1.228504000000000000e+06
1.228505000000000000e+06
1.228506000000000000e+06
1.228507000000000000e+06
1.228508000000000000e+06
1.228509000000000000e+06
1.228510000000000000e+06
1.228511000000000000e+06
1.228512000000000000e+06
1.228513000000000000e+06
1.228514000000000000e+06
1.228515000000000000e+06
1.228516000000000000e+06
1.228517000000000000e+06
1.228518000000000000e+06
1.228519000000000000e+06
1.228520000000000000e+06
1.228521000000000000e+06
1.228522000000000000e+06
1.228523000000000000e+06
1.228524000000000000e+06
1.228525000000000000e+06
1.228526000000000000e+06
1.228527000000000000e+06
1.228528000000000000e+06
1.228529000000000000e+06
1.228530000000000000e+06
1.228531000000000000e+06
1.228532000000000000e+06
1.228533000000000000e+06
1.228534000000000000e+06
1.228535000000000000e+06
1.228536000000000000e+06
1.228537000000000000e+06
1.228538000000000000e+06
1.228539000000000000e+06
1.228540000000000000e+06
1.228541000000000000e+06
1.228542000000000000e+06
1.228543000000000000e+06
1.228544000000000000e+06
1.228546000000000000e+06
1.229784000000000000e+06
1.229785000000000000e+06
1.229786000000000000e+06
1.229787000000000000e+06
1.229788000000000000e+06
1.229789000000000000e+06
1.229790000000000000e+06
1.229791000000000000e+06
1.229792000000000000e+06
1.229793000000000000e+06
1.229794000000000000e+06
1.229795000000000000e+06
1.229796000000000000e+06
1.229797000000000000e+06
1.229798000000000000e+06
1.229799000000000000e+06
1.229800000000000000e+06
1.229801000000000000e+06
1.229802000000000000e+06
1.229803000000000000e+06
1.229804000000000000e+06
1.229805000000000000e+06
1.229806000000000000e+06
1.229807000000000000e+06
1.229808000000000000e+06
1.229809000000000000e+06
1.229810000000000000e+06
1.229811000000000000e+06
1.229812000000000000e+06
1.229813000000000000e+06
1.229814000000000000e+06
1.229815000000000000e+06
1.229816000000000000e+06
1.229817000000000000e+06
1.229818000000000000e+06
1.229819000000000000e+06
1.229820000000000000e+06
1.229821000000000000e+06
1.229822000000000000e+06
1.229823000000000000e+06
1.229824000000000000e+06
1.229825000000000000e+06
1.229826000000000000e+06
1.229827000000000000e+06
1.229828000000000000e+06
1.229829000000000000e+06
1.229830000000000000e+06
1.231074000000000000e+06
1.231075000000000000e+06
1.231076000000000000e+06
1.231077000000000000e+06
1.231078000000000000e+06
1.231079000000000000e+06
1.231080000000000000e+06
1.231081000000000000e+06
1.231082000000000000e+06
1.231083000000000000e+06
1.231084000000000000e+06
1.231085000000000000e+06
1.231086000000000000e+06
1.231087000000000000e+06
1.231088000000000000e+06
1.231089000000000000e+06
1.231090000000000000e+06
1.231091000000000000e+06
1.231092000000000000e+06
1.231093000000000000e+06
1.231094000000000000e+06
1.231095000000000000e+06
1.231096000000000000e+06
1.231097000000000000e+06
1.231098000000000000e+06
1.231099000000000000e+06
1.231100000000000000e+06
1.231101000000000000e+06
1.231102000000000000e+06
1.231103000000000000e+06
1.231104000000000000e+06
1.231105000000000000e+06
1.231106000000000000e+06
1.231107000000000000e+06
1.231108000000000000e+06
1.231109000000000000e+06
1.231110000000000000e+06
1.231111000000000000e+06
1.231112000000000000e+06
1.231113000000000000e+06
1.231114000000000000e+06
1.231115000000000000e+06
1.231116000000000000e+06
1.231117000000000000e+06
1.231118000000000000e+06
1.231119000000000000e+06
1.231120000000000000e+06
1.232371000000000000e+06
1.232372000000000000e+06
1.232373000000000000e+06
1.232374000000000000e+06
1.232375000000000000e+06
1.232376000000000000e+06
1.232377000000000000e+06
1.232378000000000000e+06
1.232379000000000000e+06
1.232380000000000000e+06
1.232381000000000000e+06
1.232382000000000000e+06
1.232383000000000000e+06
1.232384000000000000e+06
1.232385000000000000e+06
1.232386000000000000e+06
1.232387000000000000e+06
1.232388000000000000e+06
1.232389000000000000e+06
1.232390000000000000e+06
1.232391000000000000e+06
1.232392000000000000e+06
1.232393000000000000e+06
1.232394000000000000e+06
1.232395000000000000e+06
1.232396000000000000e+06
1.232397000000000000e+06
1.232398000000000000e+06
1.232399000000000000e+06
1.232400000000000000e+06
1.232401000000000000e+06
1.232402000000000000e+06
1.232403000000000000e+06
1.232404000000000000e+06
1.232405000000000000e+06
1.232406000000000000e+06
1.232407000000000000e+06
1.232408000000000000e+06
1.232409000000000000e+06
1.232410000000000000e+06
1.232411000000000000e+06
1.232415000000000000e+06
1.233666000000000000e+06
1.233667000000000000e+06
1.233668000000000000e+06
1.233669000000000000e+06
1.233670000000000000e+06
1.233671000000000000e+06
1.233672000000000000e+06
1.233673000000000000e+06
1.233674000000000000e+06
1.233675000000000000e+06
1.233676000000000000e+06
1.233677000000000000e+06
1.233678000000000000e+06
1.233679000000000000e+06
1.233680000000000000e+06
1.233681000000000000e+06
1.233682000000000000e+06
1.233683000000000000e+06
1.233684000000000000e+06
1.233685000000000000e+06
1.233686000000000000e+06
1.233687000000000000e+06
1.233688000000000000e+06
1.233689000000000000e+06
1.233690000000000000e+06
1.233691000000000000e+06
1.233692000000000000e+06
1.233693000000000000e+06
1.233694000000000000e+06
1.233695000000000000e+06
1.233696000000000000e+06
1.233697000000000000e+06
1.233698000000000000e+06
1.233699000000000000e+06
1.233700000000000000e+06
1.233701000000000000e+06
1.233702000000000000e+06
1.233703000000000000e+06
1.233704000000000000e+06
1.233705000000000000e+06
1.233706000000000000e+06
1.233709000000000000e+06
1.234960000000000000e+06
1.234961000000000000e+06
1.234962000000000000e+06
1.234963000000000000e+06
1.234964000000000000e+06
1.234965000000000000e+06
1.234966000000000000e+06
1.234967000000000000e+06
1.234968000000000000e+06
1.234969000000000000e+06
1.234970000000000000e+06
1.234971000000000000e+06
1.234972000000000000e+06
1.234973000000000000e+06
1.234974000000000000e+06
1.234975000000000000e+06
1.234976000000000000e+06
1.234977000000000000e+06
1.234978000000000000e+06
1.234979000000000000e+06
1.234980000000000000e+06
1.234981000000000000e+06
1.234982000000000000e+06
1.234983000000000000e+06
1.234984000000000000e+06
1.234985000000000000e+06
1.234986000000000000e+06
1.234987000000000000e+06
1.234988000000000000e+06
1.234989000000000000e+06
1.234990000000000000e+06
1.234991000000000000e+06
1.234992000000000000e+06
1.234993000000000000e+06
1.234994000000000000e+06
1.234995000000000000e+06
1.234996000000000000e+06
1.234997000000000000e+06
1.234998000000000000e+06
1.234999000000000000e+06
1.235001000000000000e+06
1.236255000000000000e+06
1.236256000000000000e+06
1.236257000000000000e+06
1.236258000000000000e+06
1.236259000000000000e+06
1.236260000000000000e+06
1.236261000000000000e+06
1.236262000000000000e+06
1.236263000000000000e+06
1.236264000000000000e+06
1.236265000000000000e+06
1.236266000000000000e+06
1.236267000000000000e+06
1.236268000000000000e+06
1.236269000000000000e+06
1.236270000000000000e+06
1.236272000000000000e+06
1.236273000000000000e+06
1.236274000000000000e+06
1.236275000000000000e+06
1.236276000000000000e+06
1.236277000000000000e+06
1.236278000000000000e+06
1.236279000000000000e+06
1.236280000000000000e+06
1.236281000000000000e+06
1.236282000000000000e+06
1.236283000000000000e+06
1.236284000000000000e+06
1.236285000000000000e+06
1.236286000000000000e+06
1.236287000000000000e+06
1.236288000000000000e+06
1.236289000000000000e+06
1.236290000000000000e+06
1.236291000000000000e+06
1.236292000000000000e+06
1.237548000000000000e+06
1.237549000000000000e+06
1.237550000000000000e+06
1.237551000000000000e+06
1.237552000000000000e+06
1.237553000000000000e+06
1.237554000000000000e+06
1.237555000000000000e+06
1.237556000000000000e+06
1.237557000000000000e+06
1.237558000000000000e+06
1.237559000000000000e+06
1.237560000000000000e+06
1.237561000000000000e+06
1.237562000000000000e+06
1.237565000000000000e+06
1.237566000000000000e+06
1.237567000000000000e+06
1.237568000000000000e+06
1.237569000000000000e+06
1.237570000000000000e+06
1.237571000000000000e+06
1.237572000000000000e+06
1.237573000000000000e+06
1.237574000000000000e+06
1.237575000000000000e+06
1.237576000000000000e+06
1.237577000000000000e+06
1.237578000000000000e+06
1.237579000000000000e+06
1.237580000000000000e+06
1.237581000000000000e+06
1.237582000000000000e+06
1.237583000000000000e+06
1.237584000000000000e+06
1.237585000000000000e+06
1.238829000000000000e+06
1.238830000000000000e+06
1.238831000000000000e+06
1.238832000000000000e+06
1.238833000000000000e+06
1.238834000000000000e+06
1.238835000000000000e+06
1.238836000000000000e+06
1.238837000000000000e+06
1.238838000000000000e+06
1.238839000000000000e+06
1.238840000000000000e+06
1.238845000000000000e+06
1.238846000000000000e+06
1.238847000000000000e+06
1.238848000000000000e+06
1.238849000000000000e+06
1.238850000000000000e+06
1.238851000000000000e+06
1.238852000000000000e+06
1.238853000000000000e+06
1.238854000000000000e+06
1.238855000000000000e+06
1.238856000000000000e+06
1.238857000000000000e+06
1.238858000000000000e+06
1.238859000000000000e+06
1.238860000000000000e+06
1.238861000000000000e+06
1.238863000000000000e+06
1.238865000000000000e+06
1.240110000000000000e+06
1.240111000000000000e+06
1.240112000000000000e+06
1.240113000000000000e+06
1.240114000000000000e+06
1.240115000000000000e+06
1.240116000000000000e+06
1.240117000000000000e+06
1.240118000000000000e+06
1.240119000000000000e+06
1.240120000000000000e+06
1.240121000000000000e+06
1.240126000000000000e+06
1.240127000000000000e+06
1.240128000000000000e+06
1.240129000000000000e+06
1.240130000000000000e+06
1.240131000000000000e+06
1.240132000000000000e+06
1.240133000000000000e+06
1.240134000000000000e+06
1.240135000000000000e+06
1.240136000000000000e+06
1.240137000000000000e+06
1.240138000000000000e+06
1.240139000000000000e+06
1.240140000000000000e+06
1.241393000000000000e+06
1.241394000000000000e+06
1.241395000000000000e+06
1.241396000000000000e+06
1.241397000000000000e+06
1.241398000000000000e+06
1.241399000000000000e+06
1.241402000000000000e+06
1.241403000000000000e+06
1.241409000000000000e+06
1.241410000000000000e+06
1.241411000000000000e+06
1.241412000000000000e+06
1.241413000000000000e+06
1.241414000000000000e+06
1.241415000000000000e+06
1.241416000000000000e+06
1.241417000000000000e+06
1.241425000000000000e+06
1.242675000000000000e+06
1.242676000000000000e+06
1.242677000000000000e+06
1.242678000000000000e+06
1.242679000000000000e+06
1.242680000000000000e+06
1.242681000000000000e+06
1.242682000000000000e+06
1.242683000000000000e+06
1.242691000000000000e+06
1.242692000000000000e+06
1.242693000000000000e+06
1.242694000000000000e+06
1.242695000000000000e+06
1.242696000000000000e+06
1.242697000000000000e+06
1.242698000000000000e+06
1.242699000000000000e+06
1.242700000000000000e+06
1.243958000000000000e+06
1.243959000000000000e+06
1.243960000000000000e+06
1.243961000000000000e+06
1.243962000000000000e+06
1.243963000000000000e+06
1.243964000000000000e+06
1.243973000000000000e+06
1.243974000000000000e+06
1.243975000000000000e+06
1.243976000000000000e+06
1.243977000000000000e+06
1.243978000000000000e+06
1.243979000000000000e+06
1.245238000000000000e+06
1.245239000000000000e+06
1.245240000000000000e+06
1.245241000000000000e+06
1.245242000000000000e+06
1.245243000000000000e+06
1.245253000000000000e+06
1.245254000000000000e+06
1.245255000000000000e+06
1.245256000000000000e+06
1.246521000000000000e+06
1.246522000000000000e+06
1.246523000000000000e+06
1.246524000000000000e+06
