1.314678000000000000e+06
1.314679000000000000e+06
1.314680000000000000e+06
1.315986000000000000e+06
1.315987000000000000e+06
1.315988000000000000e+06
1.315989000000000000e+06
1.315990000000000000e+06
1.315991000000000000e+06
1.315992000000000000e+06
1.315993000000000000e+06
1.315994000000000000e+06
1.315995000000000000e+06
1.315996000000000000e+06
1.315997000000000000e+06
1.315998000000000000e+06
1.315999000000000000e+06
1.316000000000000000e+06
1.316001000000000000e+06
1.316002000000000000e+06
1.317306000000000000e+06
1.317307000000000000e+06
1.317308000000000000e+06
1.317309000000000000e+06
1.317310000000000000e+06
1.317311000000000000e+06
1.317312000000000000e+06
1.317313000000000000e+06
1.317314000000000000e+06
1.317315000000000000e+06
1.317316000000000000e+06
1.317317000000000000e+06
1.317318000000000000e+06
1.317319000000000000e+06
1.317320000000000000e+06
1.317321000000000000e+06
1.317322000000000000e+06
1.317323000000000000e+06
1.318627000000000000e+06
1.318628000000000000e+06
1.318629000000000000e+06
1.318630000000000000e+06
1.318631000000000000e+06
1.318632000000000000e+06
1.318633000000000000e+06
1.318634000000000000e+06
1.318635000000000000e+06
1.318636000000000000e+06
1.318637000000000000e+06
1.318638000000000000e+06
1.318639000000000000e+06
1.318640000000000000e+06
1.318641000000000000e+06
1.318642000000000000e+06
1.318643000000000000e+06
1.319947000000000000e+06
1.319948000000000000e+06
1.319949000000000000e+06
1.319950000000000000e+06
1.319951000000000000e+06
1.319952000000000000e+06
1.319953000000000000e+06
1.319954000000000000e+06
1.319955000000000000e+06
1.319956000000000000e+06
1.319957000000000000e+06
1.319958000000000000e+06
1.319959000000000000e+06
1.319960000000000000e+06
1.319961000000000000e+06
1.319962000000000000e+06
1.319963000000000000e+06
1.321265000000000000e+06
1.321266000000000000e+06
1.321267000000000000e+06
1.321268000000000000e+06
1.321269000000000000e+06
1.321270000000000000e+06
1.321271000000000000e+06
1.321272000000000000e+06
1.321273000000000000e+06
1.321274000000000000e+06
1.321275000000000000e+06
1.321276000000000000e+06
1.321277000000000000e+06
1.321278000000000000e+06
1.321279000000000000e+06
1.321280000000000000e+06
1.321281000000000000e+06
1.322578000000000000e+06
1.322579000000000000e+06
1.322580000000000000e+06
1.322581000000000000e+06
1.322582000000000000e+06
1.322583000000000000e+06
1.322584000000000000e+06
1.322585000000000000e+06
1.322586000000000000e+06
1.322587000000000000e+06
1.322588000000000000e+06
1.322589000000000000e+06
1.322590000000000000e+06
1.322591000000000000e+06
1.322592000000000000e+06
1.322593000000000000e+06
1.322594000000000000e+06
1.322599000000000000e+06
1.323893000000000000e+06
1.323894000000000000e+06
1.323895000000000000e+06
1.323896000000000000e+06
1.323897000000000000e+06
1.323898000000000000e+06
1.323899000000000000e+06
1.323900000000000000e+06
1.323901000000000000e+06
1.323902000000000000e+06
1.323903000000000000e+06
1.323904000000000000e+06
1.323905000000000000e+06
1.323906000000000000e+06
1.323907000000000000e+06
1.323908000000000000e+06
1.325211000000000000e+06
1.325212000000000000e+06
1.325213000000000000e+06
1.325214000000000000e+06
1.325215000000000000e+06
1.325216000000000000e+06
1.325217000000000000e+06
1.325218000000000000e+06
1.325219000000000000e+06
1.325220000000000000e+06
1.325221000000000000e+06
1.325222000000000000e+06
1.325223000000000000e+06
1.325224000000000000e+06
1.325225000000000000e+06
1.325226000000000000e+06
1.326523000000000000e+06
1.326524000000000000e+06
1.326525000000000000e+06
1.326526000000000000e+06
1.326527000000000000e+06
1.326528000000000000e+06
1.326529000000000000e+06
1.326530000000000000e+06
1.326531000000000000e+06
1.326532000000000000e+06
1.326533000000000000e+06
1.326534000000000000e+06
1.326535000000000000e+06
1.326536000000000000e+06
1.326537000000000000e+06
1.326538000000000000e+06
1.327836000000000000e+06
1.327837000000000000e+06
1.327838000000000000e+06
1.327839000000000000e+06
1.327840000000000000e+06
1.327841000000000000e+06
1.327842000000000000e+06
1.327843000000000000e+06
1.327844000000000000e+06
1.327845000000000000e+06
1.327846000000000000e+06
1.327848000000000000e+06
1.329148000000000000e+06
1.329151000000000000e+06
1.329153000000000000e+06
1.329155000000000000e+06
1.329156000000000000e+06
1.329160000000000000e+06
1.329161000000000000e+06
1.330467000000000000e+06
1.330468000000000000e+06
1.330470000000000000e+06
1.330471000000000000e+06
1.330473000000000000e+06
1.330478000000000000e+06
1.331784000000000000e+06
1.331789000000000000e+06
1.331790000000000000e+06
1.333101000000000000e+06
1.333102000000000000e+06
1.333103000000000000e+06
1.333104000000000000e+06
1.333105000000000000e+06
1.333106000000000000e+06
1.333107000000000000e+06
1.335734000000000000e+06
1.335735000000000000e+06
1.335736000000000000e+06
1.335737000000000000e+06
1.335738000000000000e+06
1.337048000000000000e+06
1.337050000000000000e+06
1.337051000000000000e+06
